#i,j,r,g,b
1,220,120,120,120
15,234,120,120,120

1,220,120,120,120
35,234,120,120,120

1,220,120,120,120
31,244,120,120,120

2,308,163,163,163
35,301,163,163,163

2,308,163,163,163
44,316,163,163,163

2,308,163,163,163
49,313,163,163,163

15,234,126,126,126
31,244,126,126,126

15,234,126,126,126
1,220,126,126,126

15,234,126,126,126
35,234,126,126,126

31,244,131,131,131
35,234,131,131,131

31,244,131,131,131
46,235,131,131,131

31,244,131,131,131
15,234,131,131,131

35,301,155,155,155
44,316,155,155,155

35,301,155,155,155
49,313,155,155,155

35,301,155,155,155
58,314,155,155,155

35,234,126,126,126
31,244,126,126,126

35,234,126,126,126
46,235,126,126,126

35,234,126,126,126
15,234,126,126,126

42,382,174,174,174
56,387,174,174,174

42,382,174,174,174
64,386,174,174,174

42,382,174,174,174
66,395,174,174,174

44,316,159,159,159
49,313,159,159,159

44,316,159,159,159
58,314,159,159,159

44,316,159,159,159
35,301,159,159,159

46,235,121,121,121
35,234,121,121,121

46,235,121,121,121
31,244,121,121,121

46,235,121,121,121
65,223,121,121,121

49,313,157,157,157
44,316,157,157,157

49,313,157,157,157
58,314,157,157,157

49,313,157,157,157
35,301,157,157,157

54,411,8,8,8
55,408,8,8,8

54,411,8,8,8
57,417,8,8,8

54,411,8,8,8
59,406,8,8,8

55,408,4,4,4
54,411,4,4,4

55,408,4,4,4
59,406,4,4,4

55,408,4,4,4
57,417,4,4,4

56,387,14,14,14
64,386,14,14,14

56,387,14,14,14
66,395,14,14,14

56,387,14,14,14
65,397,14,14,14

57,417,3,3,3
61,421,3,3,3

57,417,3,3,3
54,411,3,3,3

57,417,3,3,3
55,408,3,3,3

58,430,3,3,3
61,421,3,3,3

58,430,3,3,3
57,417,3,3,3

58,430,3,3,3
67,420,3,3,3

58,314,154,154,154
49,313,154,154,154

58,314,154,154,154
44,316,154,154,154

58,314,154,154,154
35,301,154,154,154

59,406,3,3,3
55,408,3,3,3

59,406,3,3,3
54,411,3,3,3

59,406,3,3,3
65,411,3,3,3

61,421,3,3,3
57,417,3,3,3

61,421,3,3,3
67,420,3,3,3

61,421,3,3,3
58,430,3,3,3

64,386,4,4,4
56,387,4,4,4

64,386,4,4,4
66,395,4,4,4

64,386,4,4,4
69,378,4,4,4

65,411,3,3,3
70,407,3,3,3

65,411,3,3,3
71,407,3,3,3

65,411,3,3,3
59,406,3,3,3

65,397,3,3,3
66,395,3,3,3

65,397,3,3,3
67,395,3,3,3

65,397,3,3,3
71,397,3,3,3

65,345,162,162,162
94,340,162,162,162

65,345,162,162,162
94,336,162,162,162

65,345,162,162,162
58,314,162,162,162

65,223,115,115,115
76,215,115,115,115

65,223,115,115,115
46,235,115,115,115

65,223,115,115,115
90,214,115,115,115

66,395,3,3,3
67,395,3,3,3

66,395,3,3,3
65,397,3,3,3

66,395,3,3,3
71,397,3,3,3

67,420,3,3,3
61,421,3,3,3

67,420,3,3,3
65,411,3,3,3

67,420,3,3,3
77,422,3,3,3

67,395,3,3,3
66,395,3,3,3

67,395,3,3,3
65,397,3,3,3

67,395,3,3,3
71,397,3,3,3

69,378,24,24,24
73,377,24,24,24

69,378,24,24,24
77,381,24,24,24

69,378,24,24,24
64,386,24,24,24

70,454,9,9,9
84,439,9,9,9

70,454,9,9,9
85,438,9,9,9

70,454,9,9,9
77,430,9,9,9

70,407,3,3,3
71,407,3,3,3

70,407,3,3,3
65,411,3,3,3

70,407,3,3,3
77,407,3,3,3

71,407,3,3,3
70,407,3,3,3

71,407,3,3,3
77,407,3,3,3

71,407,3,3,3
65,411,3,3,3

71,397,3,3,3
67,395,3,3,3

71,397,3,3,3
66,395,3,3,3

71,397,3,3,3
65,397,3,3,3

71,255,127,127,127
85,262,127,127,127

71,255,127,127,127
46,235,127,127,127

71,255,127,127,127
65,223,127,127,127

73,377,12,12,12
69,378,12,12,12

73,377,12,12,12
77,381,12,12,12

73,377,12,12,12
83,375,12,12,12

76,215,108,108,108
65,223,108,108,108

76,215,108,108,108
90,214,108,108,108

76,215,108,108,108
46,235,108,108,108

77,430,3,3,3
80,428,3,3,3

77,430,3,3,3
77,422,3,3,3

77,430,3,3,3
86,424,3,3,3

77,422,3,3,3
80,418,3,3,3

77,422,3,3,3
80,428,3,3,3

77,422,3,3,3
77,430,3,3,3

77,414,3,3,3
80,418,3,3,3

77,414,3,3,3
77,407,3,3,3

77,414,3,3,3
77,422,3,3,3

77,407,3,3,3
71,407,3,3,3

77,407,3,3,3
70,407,3,3,3

77,407,3,3,3
77,414,3,3,3

77,399,3,3,3
71,397,3,3,3

77,399,3,3,3
77,407,3,3,3

77,399,3,3,3
71,407,3,3,3

77,381,7,7,7
73,377,7,7,7

77,381,7,7,7
83,375,7,7,7

77,381,7,7,7
69,378,7,7,7

80,428,3,3,3
77,430,3,3,3

80,428,3,3,3
77,422,3,3,3

80,428,3,3,3
86,424,3,3,3

80,418,3,3,3
77,422,3,3,3

80,418,3,3,3
77,414,3,3,3

80,418,3,3,3
86,424,3,3,3

83,375,6,6,6
85,377,6,6,6

83,375,6,6,6
91,377,6,6,6

83,375,6,6,6
77,381,6,6,6

84,439,5,5,5
85,438,5,5,5

84,439,5,5,5
93,440,5,5,5

84,439,5,5,5
90,431,5,5,5

85,438,5,5,5
84,439,5,5,5

85,438,5,5,5
93,440,5,5,5

85,438,5,5,5
90,431,5,5,5

85,377,5,5,5
83,375,5,5,5

85,377,5,5,5
91,377,5,5,5

85,377,5,5,5
89,384,5,5,5

85,262,127,127,127
71,255,127,127,127

85,262,127,127,127
97,276,127,127,127

85,262,127,127,127
95,284,127,127,127

86,424,3,3,3
80,428,3,3,3

86,424,3,3,3
91,418,3,3,3

86,424,3,3,3
90,431,3,3,3

86,394,4,4,4
86,392,4,4,4

86,394,4,4,4
88,387,4,4,4

86,394,4,4,4
91,400,4,4,4

86,392,4,4,4
86,394,4,4,4

86,392,4,4,4
88,387,4,4,4

86,392,4,4,4
91,387,4,4,4

88,387,4,4,4
91,387,4,4,4

88,387,4,4,4
89,384,4,4,4

88,387,4,4,4
86,392,4,4,4

89,403,3,3,3
91,400,3,3,3

89,403,3,3,3
86,394,3,3,3

89,403,3,3,3
98,397,3,3,3

89,384,4,4,4
88,387,4,4,4

89,384,4,4,4
91,387,4,4,4

89,384,4,4,4
91,377,4,4,4

90,431,3,3,3
86,424,3,3,3

90,431,3,3,3
85,438,3,3,3

90,431,3,3,3
93,440,3,3,3

90,214,106,106,106
76,215,106,106,106

90,214,106,106,106
65,223,106,106,106

90,214,106,106,106
125,213,106,106,106

91,418,3,3,3
86,424,3,3,3

91,418,3,3,3
99,422,3,3,3

91,418,3,3,3
101,415,3,3,3

91,400,3,3,3
89,403,3,3,3

91,400,3,3,3
98,397,3,3,3

91,400,3,3,3
86,394,3,3,3

91,387,4,4,4
88,387,4,4,4

91,387,4,4,4
89,384,4,4,4

91,387,4,4,4
86,392,4,4,4

91,377,5,5,5
95,377,5,5,5

91,377,5,5,5
85,377,5,5,5

91,377,5,5,5
89,384,5,5,5

93,440,6,6,6
85,438,6,6,6

93,440,6,6,6
84,439,6,6,6

93,440,6,6,6
90,431,6,6,6

93,367,5,5,5
94,361,5,5,5

93,367,5,5,5
96,361,5,5,5

93,367,5,5,5
101,373,5,5,5

94,361,13,13,13
96,361,13,13,13

94,361,13,13,13
93,367,13,13,13

94,361,13,13,13
103,362,13,13,13

94,340,5,5,5
94,336,5,5,5

94,340,5,5,5
101,343,5,5,5

94,340,5,5,5
95,332,5,5,5

94,336,9,9,9
94,340,9,9,9

94,336,9,9,9
95,332,9,9,9

94,336,9,9,9
101,343,9,9,9

95,377,5,5,5
91,377,5,5,5

95,377,5,5,5
101,373,5,5,5

95,377,5,5,5
103,377,5,5,5

95,332,5,5,5
94,336,5,5,5

95,332,5,5,5
94,340,5,5,5

95,332,5,5,5
106,333,5,5,5

95,284,130,130,130
97,276,130,130,130

95,284,130,130,130
104,295,130,130,130

95,284,130,130,130
108,291,130,130,130

96,361,9,9,9
94,361,9,9,9

96,361,9,9,9
93,367,9,9,9

96,361,9,9,9
103,362,9,9,9

97,276,126,126,126
95,284,126,126,126

97,276,126,126,126
111,283,126,126,126

97,276,126,126,126
85,262,126,126,126

98,397,3,3,3
103,397,3,3,3

98,397,3,3,3
104,398,3,3,3

98,397,3,3,3
91,400,3,3,3

99,422,3,3,3
106,422,3,3,3

99,422,3,3,3
101,415,3,3,3

99,422,3,3,3
91,418,3,3,3

100,307,23,23,23
107,307,23,23,23

100,307,23,23,23
107,313,23,23,23

100,307,23,23,23
104,295,23,23,23

101,415,3,3,3
107,417,3,3,3

101,415,3,3,3
99,422,3,3,3

101,415,3,3,3
106,422,3,3,3

101,373,6,6,6
103,377,6,6,6

101,373,6,6,6
95,377,6,6,6

101,373,6,6,6
107,380,6,6,6

101,343,13,13,13
94,340,13,13,13

101,343,13,13,13
94,336,13,13,13

101,343,13,13,13
108,335,13,13,13

102,386,4,4,4
102,383,4,4,4

102,386,4,4,4
107,380,4,4,4

102,386,4,4,4
103,377,4,4,4

102,383,4,4,4
102,386,4,4,4

102,383,4,4,4
107,380,4,4,4

102,383,4,4,4
103,377,4,4,4

103,457,7,7,7
106,448,7,7,7

103,457,7,7,7
108,442,7,7,7

103,457,7,7,7
119,453,7,7,7

103,437,4,4,4
107,439,4,4,4

103,437,4,4,4
108,442,4,4,4

103,437,4,4,4
93,440,4,4,4

103,397,3,3,3
104,398,3,3,3

103,397,3,3,3
98,397,3,3,3

103,397,3,3,3
102,386,3,3,3

103,377,5,5,5
101,373,5,5,5

103,377,5,5,5
107,380,5,5,5

103,377,5,5,5
102,383,5,5,5

103,362,5,5,5
96,361,5,5,5

103,362,5,5,5
104,355,5,5,5

103,362,5,5,5
106,355,5,5,5

104,398,3,3,3
103,397,3,3,3

104,398,3,3,3
98,397,3,3,3

104,398,3,3,3
102,386,3,3,3

104,355,8,8,8
106,355,8,8,8

104,355,8,8,8
103,362,8,8,8

104,355,8,8,8
96,361,8,8,8

104,295,11,11,11
108,291,11,11,11

104,295,11,11,11
111,293,11,11,11

104,295,11,11,11
107,307,11,11,11

106,448,5,5,5
108,442,5,5,5

106,448,5,5,5
107,439,5,5,5

106,448,5,5,5
103,457,5,5,5

106,422,3,3,3
109,419,3,3,3

106,422,3,3,3
107,417,3,3,3

106,422,3,3,3
99,422,3,3,3

106,355,7,7,7
104,355,7,7,7

106,355,7,7,7
103,362,7,7,7

106,355,7,7,7
114,360,7,7,7

106,333,14,14,14
108,335,14,14,14

106,333,14,14,14
106,329,14,14,14

106,333,14,14,14
108,328,14,14,14

106,329,11,11,11
108,328,11,11,11

106,329,11,11,11
106,333,11,11,11

106,329,11,11,11
108,335,11,11,11

107,439,7,7,7
108,442,7,7,7

107,439,7,7,7
103,437,7,7,7

107,439,7,7,7
106,448,7,7,7

107,417,3,3,3
109,419,3,3,3

107,417,3,3,3
106,422,3,3,3

107,417,3,3,3
112,415,3,3,3

107,380,5,5,5
103,377,5,5,5

107,380,5,5,5
102,383,5,5,5

107,380,5,5,5
102,386,5,5,5

107,313,7,7,7
107,307,7,7,7

107,313,7,7,7
114,310,7,7,7

107,313,7,7,7
100,307,7,7,7

107,307,7,7,7
107,313,7,7,7

107,307,7,7,7
100,307,7,7,7

107,307,7,7,7
114,310,7,7,7

108,442,5,5,5
107,439,5,5,5

108,442,5,5,5
106,448,5,5,5

108,442,5,5,5
103,437,5,5,5

108,335,10,10,10
106,333,10,10,10

108,335,10,10,10
113,334,10,10,10

108,335,10,10,10
106,329,10,10,10

108,328,8,8,8
106,329,8,8,8

108,328,8,8,8
106,333,8,8,8

108,328,8,8,8
108,335,8,8,8

108,291,8,8,8
111,293,8,8,8

108,291,8,8,8
104,295,8,8,8

108,291,8,8,8
111,283,8,8,8

109,419,3,3,3
107,417,3,3,3

109,419,3,3,3
106,422,3,3,3

109,419,3,3,3
112,415,3,3,3

111,409,3,3,3
112,415,3,3,3

111,409,3,3,3
107,417,3,3,3

111,409,3,3,3
116,417,3,3,3

111,372,6,6,6
114,370,6,6,6

111,372,6,6,6
107,380,6,6,6

111,372,6,6,6
103,377,6,6,6

111,293,29,29,29
108,291,29,29,29

111,293,29,29,29
104,295,29,29,29

111,293,29,29,29
111,283,29,29,29

111,283,22,22,22
108,291,22,22,22

111,283,22,22,22
111,293,22,22,22

111,283,22,22,22
124,281,22,22,22

111,260,120,120,120
128,254,120,120,120

111,260,120,120,120
130,262,120,120,120

111,260,120,120,120
97,276,120,120,120

112,415,3,3,3
116,417,3,3,3

112,415,3,3,3
109,419,3,3,3

112,415,3,3,3
107,417,3,3,3

113,334,6,6,6
108,335,6,6,6

113,334,6,6,6
118,336,6,6,6

113,334,6,6,6
106,333,6,6,6

114,370,6,6,6
111,372,6,6,6

114,370,6,6,6
119,367,6,6,6

114,370,6,6,6
123,370,6,6,6

114,360,6,6,6
119,367,6,6,6

114,360,6,6,6
106,355,6,6,6

114,360,6,6,6
114,370,6,6,6

114,310,6,6,6
107,313,6,6,6

114,310,6,6,6
107,307,6,6,6

114,310,6,6,6
122,315,6,6,6

116,429,6,6,6
120,430,6,6,6

116,429,6,6,6
119,420,6,6,6

116,429,6,6,6
116,417,6,6,6

116,417,4,4,4
119,420,4,4,4

116,417,4,4,4
112,415,4,4,4

116,417,4,4,4
109,419,4,4,4

116,386,4,4,4
120,391,4,4,4

116,386,4,4,4
120,380,4,4,4

116,386,4,4,4
125,388,4,4,4

117,345,6,6,6
117,342,6,6,6

117,345,6,6,6
118,336,6,6,6

117,345,6,6,6
113,334,6,6,6

117,342,6,6,6
117,345,6,6,6

117,342,6,6,6
118,336,6,6,6

117,342,6,6,6
113,334,6,6,6

118,336,8,8,8
113,334,8,8,8

118,336,8,8,8
117,342,8,8,8

118,336,8,8,8
117,345,8,8,8

119,453,5,5,5
124,458,5,5,5

119,453,5,5,5
128,454,5,5,5

119,453,5,5,5
123,444,5,5,5

119,420,4,4,4
116,417,4,4,4

119,420,4,4,4
112,415,4,4,4

119,420,4,4,4
116,429,4,4,4

119,367,7,7,7
123,370,7,7,7

119,367,7,7,7
114,370,7,7,7

119,367,7,7,7
114,360,7,7,7

119,301,5,5,5
125,302,5,5,5

119,301,5,5,5
122,295,5,5,5

119,301,5,5,5
127,304,5,5,5

120,430,7,7,7
116,429,7,7,7

120,430,7,7,7
119,420,7,7,7

120,430,7,7,7
132,430,7,7,7

120,391,3,3,3
125,392,3,3,3

120,391,3,3,3
125,388,3,3,3

120,391,3,3,3
116,386,3,3,3

120,380,6,6,6
121,377,6,6,6

120,380,6,6,6
116,386,6,6,6

120,380,6,6,6
125,388,6,6,6

121,377,12,12,12
120,380,12,12,12

121,377,12,12,12
123,370,12,12,12

121,377,12,12,12
114,370,12,12,12

122,315,18,18,18
114,310,18,18,18

122,315,18,18,18
127,304,18,18,18

122,315,18,18,18
125,302,18,18,18

122,295,6,6,6
124,294,6,6,6

122,295,6,6,6
119,301,6,6,6

122,295,6,6,6
125,302,6,6,6

123,444,6,6,6
125,444,6,6,6

123,444,6,6,6
128,446,6,6,6

123,444,6,6,6
131,446,6,6,6

123,370,54,54,54
119,367,54,54,54

123,370,54,54,54
121,377,54,54,54

123,370,54,54,54
130,368,54,54,54

124,458,5,5,5
128,454,5,5,5

124,458,5,5,5
119,453,5,5,5

124,458,5,5,5
129,452,5,5,5

124,294,13,13,13
122,295,13,13,13

124,294,13,13,13
125,302,13,13,13

124,294,13,13,13
119,301,13,13,13

124,281,23,23,23
124,294,23,23,23

124,281,23,23,23
111,283,23,23,23

124,281,23,23,23
122,295,23,23,23

125,444,6,6,6
123,444,6,6,6

125,444,6,6,6
128,446,6,6,6

125,444,6,6,6
131,446,6,6,6

125,392,8,8,8
125,388,8,8,8

125,392,8,8,8
120,391,8,8,8

125,392,8,8,8
116,386,8,8,8

125,388,16,16,16
125,392,16,16,16

125,388,16,16,16
120,391,16,16,16

125,388,16,16,16
116,386,16,16,16

125,302,35,35,35
127,304,35,35,35

125,302,35,35,35
119,301,35,35,35

125,302,35,35,35
122,295,35,35,35

125,213,114,114,114
129,223,114,114,114

125,213,114,114,114
133,226,114,114,114

125,213,114,114,114
153,222,114,114,114

127,304,51,51,51
125,302,51,51,51

127,304,51,51,51
119,301,51,51,51

127,304,51,51,51
122,295,51,51,51

128,468,0,0,0
132,465,0,0,0

128,468,0,0,0
137,466,0,0,0

128,468,0,0,0
124,458,0,0,0

128,454,4,4,4
129,452,4,4,4

128,454,4,4,4
133,452,4,4,4

128,454,4,4,4
124,458,4,4,4

128,446,5,5,5
131,446,5,5,5

128,446,5,5,5
125,444,5,5,5

128,446,5,5,5
123,444,5,5,5

128,254,23,23,23
135,252,23,23,23

128,254,23,23,23
130,262,23,23,23

128,254,23,23,23
140,245,23,23,23

129,452,5,5,5
128,454,5,5,5

129,452,5,5,5
133,452,5,5,5

129,452,5,5,5
128,446,5,5,5

129,223,113,113,113
133,226,113,113,113

129,223,113,113,113
125,213,113,113,113

129,223,113,113,113
138,241,113,113,113

130,368,91,91,91
123,370,91,91,91

130,368,91,91,91
119,367,91,91,91

130,368,91,91,91
121,377,91,91,91

130,262,15,15,15
128,254,15,15,15

130,262,15,15,15
135,252,15,15,15

130,262,15,15,15
111,260,15,15,15

131,446,5,5,5
128,446,5,5,5

131,446,5,5,5
134,445,5,5,5

131,446,5,5,5
134,444,5,5,5

131,410,6,6,6
136,415,6,6,6

131,410,6,6,6
119,420,6,6,6

131,410,6,6,6
116,417,6,6,6

132,465,11,11,11
128,468,11,11,11

132,465,11,11,11
137,466,11,11,11

132,465,11,11,11
124,458,11,11,11

132,439,5,5,5
134,444,5,5,5

132,439,5,5,5
134,445,5,5,5

132,439,5,5,5
131,446,5,5,5

132,430,7,7,7
137,426,7,7,7

132,430,7,7,7
132,439,7,7,7

132,430,7,7,7
120,430,7,7,7

133,452,5,5,5
129,452,5,5,5

133,452,5,5,5
128,454,5,5,5

133,452,5,5,5
131,446,5,5,5

133,226,51,51,51
129,223,51,51,51

133,226,51,51,51
125,213,51,51,51

133,226,51,51,51
145,236,51,51,51

134,445,5,5,5
134,444,5,5,5

134,445,5,5,5
131,446,5,5,5

134,445,5,5,5
128,446,5,5,5

134,444,5,5,5
134,445,5,5,5

134,444,5,5,5
131,446,5,5,5

134,444,5,5,5
132,439,5,5,5

135,252,13,13,13
128,254,13,13,13

135,252,13,13,13
140,245,13,13,13

135,252,13,13,13
130,262,13,13,13

136,415,4,4,4
131,410,4,4,4

136,415,4,4,4
137,426,4,4,4

136,415,4,4,4
146,423,4,4,4

137,466,11,11,11
132,465,11,11,11

137,466,11,11,11
128,468,11,11,11

137,466,11,11,11
147,468,11,11,11

137,426,8,8,8
132,430,8,8,8

137,426,8,8,8
146,423,8,8,8

137,426,8,8,8
136,415,8,8,8

138,241,25,25,25
140,245,25,25,25

138,241,25,25,25
145,236,25,25,25

138,241,25,25,25
146,237,25,25,25

139,381,108,108,108
148,390,108,108,108

139,381,108,108,108
125,388,108,108,108

139,381,108,108,108
130,368,108,108,108

140,245,17,17,17
138,241,17,17,17

140,245,17,17,17
135,252,17,17,17

140,245,17,17,17
146,237,17,17,17

142,437,6,6,6
148,445,6,6,6

142,437,6,6,6
132,439,6,6,6

142,437,6,6,6
134,444,6,6,6

145,236,11,11,11
146,237,11,11,11

145,236,11,11,11
150,232,11,11,11

145,236,11,11,11
138,241,11,11,11

146,458,6,6,6
147,468,6,6,6

146,458,6,6,6
155,453,6,6,6

146,458,6,6,6
154,451,6,6,6

146,423,39,39,39
137,426,39,39,39

146,423,39,39,39
136,415,39,39,39

146,423,39,39,39
142,437,39,39,39

146,237,14,14,14
145,236,14,14,14

146,237,14,14,14
150,232,14,14,14

146,237,14,14,14
138,241,14,14,14

147,468,12,12,12
150,470,12,12,12

147,468,12,12,12
153,468,12,12,12

147,468,12,12,12
146,458,12,12,12

148,445,6,6,6
153,449,6,6,6

148,445,6,6,6
155,446,6,6,6

148,445,6,6,6
154,451,6,6,6

148,390,117,117,117
139,381,117,117,117

148,390,117,117,117
125,392,117,117,117

148,390,117,117,117
125,388,117,117,117

150,470,10,10,10
147,468,10,10,10

150,470,10,10,10
153,468,10,10,10

150,470,10,10,10
146,458,10,10,10

150,232,32,32,32
145,236,32,32,32

150,232,32,32,32
146,237,32,32,32

150,232,32,32,32
153,222,32,32,32

153,468,13,13,13
150,470,13,13,13

153,468,13,13,13
147,468,13,13,13

153,468,13,13,13
146,458,13,13,13

153,449,4,4,4
154,451,4,4,4

153,449,4,4,4
155,446,4,4,4

153,449,4,4,4
155,453,4,4,4

153,222,30,30,30
155,220,30,30,30

153,222,30,30,30
156,220,30,30,30

153,222,30,30,30
159,217,30,30,30

154,451,5,5,5
153,449,5,5,5

154,451,5,5,5
155,453,5,5,5

154,451,5,5,5
155,446,5,5,5

155,453,6,6,6
154,451,6,6,6

155,453,6,6,6
153,449,6,6,6

155,453,6,6,6
155,446,6,6,6

155,446,5,5,5
153,449,5,5,5

155,446,5,5,5
154,451,5,5,5

155,446,5,5,5
155,453,5,5,5

155,437,5,5,5
155,446,5,5,5

155,437,5,5,5
148,445,5,5,5

155,437,5,5,5
162,445,5,5,5

155,220,31,31,31
156,220,31,31,31

155,220,31,31,31
153,222,31,31,31

155,220,31,31,31
159,217,31,31,31

155,214,18,18,18
159,217,18,18,18

155,214,18,18,18
155,220,18,18,18

155,214,18,18,18
156,220,18,18,18

156,242,121,121,121
146,237,121,121,121

156,242,121,121,121
150,232,121,121,121

156,242,121,121,121
145,236,121,121,121

156,220,25,25,25
155,220,25,25,25

156,220,25,25,25
153,222,25,25,25

156,220,25,25,25
159,217,25,25,25

158,197,32,32,32
166,193,32,32,32

158,197,32,32,32
163,205,32,32,32

158,197,32,32,32
170,189,32,32,32

159,324,158,158,158
190,314,158,158,158

159,324,158,158,158
127,304,158,158,158

159,324,158,158,158
196,316,158,158,158

159,217,25,25,25
156,220,25,25,25

159,217,25,25,25
155,220,25,25,25

159,217,25,25,25
155,214,25,25,25

162,446,5,5,5
162,445,5,5,5

162,446,5,5,5
168,447,5,5,5

162,446,5,5,5
155,446,5,5,5

162,445,6,6,6
162,446,6,6,6

162,445,6,6,6
168,447,6,6,6

162,445,6,6,6
155,446,6,6,6

163,229,116,116,116
156,220,116,116,116

163,229,116,116,116
155,220,116,116,116

163,229,116,116,116
153,222,116,116,116

163,205,15,15,15
158,197,15,15,15

163,205,15,15,15
155,214,15,15,15

163,205,15,15,15
166,193,15,15,15

165,457,8,8,8
166,457,8,8,8

165,457,8,8,8
165,455,8,8,8

165,457,8,8,8
170,453,8,8,8

165,455,7,7,7
165,457,7,7,7

165,455,7,7,7
166,457,7,7,7

165,455,7,7,7
170,453,7,7,7

166,457,8,8,8
165,457,8,8,8

166,457,8,8,8
165,455,8,8,8

166,457,8,8,8
170,453,8,8,8

166,193,38,38,38
170,189,38,38,38

166,193,38,38,38
158,197,38,38,38

166,193,38,38,38
163,205,38,38,38

168,447,4,4,4
162,446,4,4,4

168,447,4,4,4
162,445,4,4,4

168,447,4,4,4
170,453,4,4,4

169,473,14,14,14
179,476,14,14,14

169,473,14,14,14
173,463,14,14,14

169,473,14,14,14
166,457,14,14,14

170,453,6,6,6
165,455,6,6,6

170,453,6,6,6
166,457,6,6,6

170,453,6,6,6
168,447,6,6,6

170,260,129,129,129
156,242,129,129,129

170,260,129,129,129
200,250,129,129,129

170,260,129,129,129
163,229,129,129,129

170,189,53,53,53
166,193,53,53,53

170,189,53,53,53
158,197,53,53,53

170,189,53,53,53
185,181,53,53,53

173,463,7,7,7
166,457,7,7,7

173,463,7,7,7
165,457,7,7,7

173,463,7,7,7
170,453,7,7,7

175,215,116,116,116
176,225,116,116,116

175,215,116,116,116
163,205,116,116,116

175,215,116,116,116
159,217,116,116,116

176,225,118,118,118
175,215,118,118,118

176,225,118,118,118
163,229,118,118,118

176,225,118,118,118
159,217,118,118,118

178,172,70,70,70
183,177,70,70,70

178,172,70,70,70
186,165,70,70,70

178,172,70,70,70
185,181,70,70,70

179,476,26,26,26
187,478,26,26,26

179,476,26,26,26
169,473,26,26,26

179,476,26,26,26
173,463,26,26,26

182,455,6,6,6
173,463,6,6,6

182,455,6,6,6
170,453,6,6,6

182,455,6,6,6
191,467,6,6,6

183,177,16,16,16
185,181,16,16,16

183,177,16,16,16
178,172,16,16,16

183,177,16,16,16
190,171,16,16,16

185,181,104,104,104
183,177,104,104,104

185,181,104,104,104
190,171,104,104,104

185,181,104,104,104
178,172,104,104,104

186,165,90,90,90
190,171,90,90,90

186,165,90,90,90
178,172,90,90,90

186,165,90,90,90
183,177,90,90,90

187,478,5,5,5
179,476,5,5,5

187,478,5,5,5
191,467,5,5,5

187,478,5,5,5
194,466,5,5,5

190,314,127,127,127
196,316,127,127,127

190,314,127,127,127
212,318,127,127,127

190,314,127,127,127
201,290,127,127,127

190,171,22,22,22
186,165,22,22,22

190,171,22,22,22
183,177,22,22,22

190,171,22,22,22
185,181,22,22,22

191,467,5,5,5
194,466,5,5,5

191,467,5,5,5
197,457,5,5,5

191,467,5,5,5
187,478,5,5,5

194,466,4,4,4
191,467,4,4,4

194,466,4,4,4
197,457,4,4,4

194,466,4,4,4
200,458,4,4,4

196,316,114,114,114
190,314,114,114,114

196,316,114,114,114
212,318,114,114,114

196,316,114,114,114
216,302,114,114,114

197,457,8,8,8
200,458,8,8,8

197,457,8,8,8
194,466,8,8,8

197,457,8,8,8
191,467,8,8,8

198,374,171,171,171
203,370,171,171,171

198,374,171,171,171
208,359,171,171,171

198,374,171,171,171
219,342,171,171,171

199,273,123,123,123
201,290,123,123,123

199,273,123,123,123
220,277,123,123,123

199,273,123,123,123
218,283,123,123,123

200,458,3,3,3
197,457,3,3,3

200,458,3,3,3
208,461,3,3,3

200,458,3,3,3
208,462,3,3,3

200,250,125,125,125
204,239,125,125,125

200,250,125,125,125
199,273,125,125,125

200,250,125,125,125
170,260,125,125,125

201,290,111,111,111
199,273,111,111,111

201,290,111,111,111
218,283,111,111,111

201,290,111,111,111
216,302,111,111,111

203,370,154,154,154
198,374,154,154,154

203,370,154,154,154
208,359,154,154,154

203,370,154,154,154
219,342,154,154,154

204,239,123,123,123
200,250,123,123,123

204,239,123,123,123
230,240,123,123,123

204,239,123,123,123
232,246,123,123,123

205,471,4,4,4
207,468,4,4,4

205,471,4,4,4
205,467,4,4,4

205,471,4,4,4
213,470,4,4,4

205,467,5,5,5
207,468,5,5,5

205,467,5,5,5
205,471,5,5,5

205,467,5,5,5
208,462,5,5,5

207,468,5,5,5
205,467,5,5,5

207,468,5,5,5
205,471,5,5,5

207,468,5,5,5
208,462,5,5,5

208,462,7,7,7
208,461,7,7,7

208,462,7,7,7
211,460,7,7,7

208,462,7,7,7
205,467,7,7,7

208,461,4,4,4
208,462,4,4,4

208,461,4,4,4
211,460,4,4,4

208,461,4,4,4
205,467,4,4,4

208,359,139,139,139
203,370,139,139,139

208,359,139,139,139
198,374,139,139,139

208,359,139,139,139
219,342,139,139,139

211,460,15,15,15
208,461,15,15,15

211,460,15,15,15
208,462,15,15,15

211,460,15,15,15
207,468,15,15,15

211,167,78,78,78
190,171,78,78,78

211,167,78,78,78
186,165,78,78,78

211,167,78,78,78
185,181,78,78,78

212,318,62,62,62
220,324,62,62,62

212,318,62,62,62
221,311,62,62,62

212,318,62,62,62
196,316,62,62,62

213,470,5,5,5
207,468,5,5,5

213,470,5,5,5
205,471,5,5,5

213,470,5,5,5
205,467,5,5,5

214,479,10,10,10
218,478,10,10,10

214,479,10,10,10
220,476,10,10,10

214,479,10,10,10
213,470,10,10,10

216,302,57,57,57
221,311,57,57,57

216,302,57,57,57
212,318,57,57,57

216,302,57,57,57
234,296,57,57,57

218,478,14,14,14
220,476,14,14,14

218,478,14,14,14
214,479,14,14,14

218,478,14,14,14
225,481,14,14,14

218,283,75,75,75
220,277,75,75,75

218,283,75,75,75
234,292,75,75,75

218,283,75,75,75
201,290,75,75,75

219,342,95,95,95
224,335,95,95,95

219,342,95,95,95
220,324,95,95,95

219,342,95,95,95
208,359,95,95,95

220,476,6,6,6
218,478,6,6,6

220,476,6,6,6
214,479,6,6,6

220,476,6,6,6
225,481,6,6,6

220,324,59,59,59
212,318,59,59,59

220,324,59,59,59
230,320,59,59,59

220,324,59,59,59
224,335,59,59,59

220,277,77,77,77
218,283,77,77,77

220,277,77,77,77
232,266,77,77,77

220,277,77,77,77
229,263,77,77,77

221,311,47,47,47
216,302,47,47,47

221,311,47,47,47
212,318,47,47,47

221,311,47,47,47
230,320,47,47,47

224,335,86,86,86
219,342,86,86,86

224,335,86,86,86
220,324,86,86,86

224,335,86,86,86
232,324,86,86,86

225,481,13,13,13
230,478,13,13,13

225,481,13,13,13
220,476,13,13,13

225,481,13,13,13
218,478,13,13,13

226,464,13,13,13
229,465,13,13,13

226,464,13,13,13
227,469,13,13,13

226,464,13,13,13
235,473,13,13,13

227,469,10,10,10
229,465,10,10,10

227,469,10,10,10
226,464,10,10,10

227,469,10,10,10
235,473,10,10,10

229,465,11,11,11
226,464,11,11,11

229,465,11,11,11
227,469,11,11,11

229,465,11,11,11
235,473,11,11,11

229,263,69,69,69
232,266,69,69,69

229,263,69,69,69
220,277,69,69,69

229,263,69,69,69
245,257,69,69,69

230,478,7,7,7
234,477,7,7,7

230,478,7,7,7
234,480,7,7,7

230,478,7,7,7
225,481,7,7,7

230,320,61,61,61
232,324,61,61,61

230,320,61,61,61
220,324,61,61,61

230,320,61,61,61
221,311,61,61,61

230,240,95,95,95
232,246,95,95,95

230,240,95,95,95
243,249,95,95,95

230,240,95,95,95
243,230,95,95,95

232,324,78,78,78
230,320,78,78,78

232,324,78,78,78
220,324,78,78,78

232,324,78,78,78
224,335,78,78,78

232,266,55,55,55
229,263,55,55,55

232,266,55,55,55
239,279,55,55,55

232,266,55,55,55
245,257,55,55,55

232,246,83,83,83
230,240,83,83,83

232,246,83,83,83
243,249,83,83,83

232,246,83,83,83
244,254,83,83,83

234,480,26,26,26
234,477,26,26,26

234,480,26,26,26
230,478,26,26,26

234,480,26,26,26
235,473,26,26,26

234,477,8,8,8
234,480,8,8,8

234,477,8,8,8
230,478,8,8,8

234,477,8,8,8
235,473,8,8,8

234,296,38,38,38
234,292,38,38,38

234,296,38,38,38
243,295,38,38,38

234,296,38,38,38
240,289,38,38,38

234,292,36,36,36
234,296,36,36,36

234,292,36,36,36
240,289,36,36,36

234,292,36,36,36
243,295,36,36,36

235,473,9,9,9
234,477,9,9,9

235,473,9,9,9
230,478,9,9,9

235,473,9,9,9
234,480,9,9,9

236,308,49,49,49
240,308,49,49,49

236,308,49,49,49
234,296,49,49,49

236,308,49,49,49
230,320,49,49,49

239,279,31,31,31
243,286,31,31,31

239,279,31,31,31
240,289,31,31,31

239,279,31,31,31
249,280,31,31,31

240,308,62,62,62
236,308,62,62,62

240,308,62,62,62
248,314,62,62,62

240,308,62,62,62
243,295,62,62,62

240,289,35,35,35
243,286,35,35,35

240,289,35,35,35
246,290,35,35,35

240,289,35,35,35
234,292,35,35,35

243,295,43,43,43
246,290,43,43,43

243,295,43,43,43
240,289,43,43,43

243,295,43,43,43
243,286,43,43,43

243,286,34,34,34
240,289,34,34,34

243,286,34,34,34
246,290,34,34,34

243,286,34,34,34
239,279,34,34,34

243,249,47,47,47
244,254,47,47,47

243,249,47,47,47
245,257,47,47,47

243,249,47,47,47
253,247,47,47,47

243,230,77,77,77
257,226,77,77,77

243,230,77,77,77
230,240,77,77,77

243,230,77,77,77
259,239,77,77,77

244,254,38,38,38
245,257,38,38,38

244,254,38,38,38
243,249,38,38,38

244,254,38,38,38
253,255,38,38,38

245,257,32,32,32
244,254,32,32,32

245,257,32,32,32
243,249,32,32,32

245,257,32,32,32
253,255,32,32,32

246,483,26,26,26
251,479,26,26,26

246,483,26,26,26
234,480,26,26,26

246,483,26,26,26
234,477,26,26,26

246,290,39,39,39
243,286,39,39,39

246,290,39,39,39
243,295,39,39,39

246,290,39,39,39
240,289,39,39,39

248,314,102,102,102
240,308,102,102,102

248,314,102,102,102
254,306,102,102,102

248,314,102,102,102
236,308,102,102,102

249,334,150,150,150
232,324,150,150,150

249,334,150,150,150
248,314,150,150,150

249,334,150,150,150
230,320,150,150,150

249,280,31,31,31
243,286,31,31,31

249,280,31,31,31
239,279,31,31,31

249,280,31,31,31
246,290,31,31,31

251,479,8,8,8
246,483,8,8,8

251,479,8,8,8
254,470,8,8,8

251,479,8,8,8
264,470,8,8,8

253,255,23,23,23
253,247,23,23,23

253,255,23,23,23
261,254,23,23,23

253,255,23,23,23
245,257,23,23,23

253,247,26,26,26
259,249,26,26,26

253,247,26,26,26
260,249,26,26,26

253,247,26,26,26
260,244,26,26,26

254,470,6,6,6
251,479,6,6,6

254,470,6,6,6
264,470,6,6,6

254,470,6,6,6
246,483,6,6,6

254,306,99,99,99
259,300,99,99,99

254,306,99,99,99
248,314,99,99,99

254,306,99,99,99
240,308,99,99,99

255,269,26,26,26
249,280,26,26,26

255,269,26,26,26
253,255,26,26,26

255,269,26,26,26
269,267,26,26,26

257,226,41,41,41
261,223,41,41,41

257,226,41,41,41
262,226,41,41,41

257,226,41,41,41
264,232,41,41,41

259,300,98,98,98
254,306,98,98,98

259,300,98,98,98
266,286,98,98,98

259,300,98,98,98
246,290,98,98,98

259,249,20,20,20
260,249,20,20,20

259,249,20,20,20
260,244,20,20,20

259,249,20,20,20
261,254,20,20,20

259,239,23,23,23
261,243,23,23,23

259,239,23,23,23
262,235,23,23,23

259,239,23,23,23
260,244,23,23,23

260,249,19,19,19
259,249,19,19,19

260,249,19,19,19
260,244,19,19,19

260,249,19,19,19
261,254,19,19,19

260,244,19,19,19
261,243,19,19,19

260,244,19,19,19
260,249,19,19,19

260,244,19,19,19
259,249,19,19,19

261,254,19,19,19
260,249,19,19,19

261,254,19,19,19
259,249,19,19,19

261,254,19,19,19
253,255,19,19,19

261,243,19,19,19
260,244,19,19,19

261,243,19,19,19
259,239,19,19,19

261,243,19,19,19
260,249,19,19,19

261,223,47,47,47
262,226,47,47,47

261,223,47,47,47
257,226,47,47,47

261,223,47,47,47
264,232,47,47,47

262,235,23,23,23
264,232,23,23,23

262,235,23,23,23
259,239,23,23,23

262,235,23,23,23
261,243,23,23,23

262,226,35,35,35
261,223,35,35,35

262,226,35,35,35
257,226,35,35,35

262,226,35,35,35
264,232,35,35,35

264,470,9,9,9
254,470,9,9,9

264,470,9,9,9
274,474,9,9,9

264,470,9,9,9
276,472,9,9,9

264,232,26,26,26
262,235,26,26,26

264,232,26,26,26
262,226,26,26,26

264,232,26,26,26
259,239,26,26,26

266,286,79,79,79
259,300,79,79,79

266,286,79,79,79
249,280,79,79,79

266,286,79,79,79
269,267,79,79,79

269,267,43,43,43
277,269,43,43,43

269,267,43,43,43
280,267,43,43,43

269,267,43,43,43
255,269,43,43,43

271,250,23,23,23
281,249,23,23,23

271,250,23,23,23
261,254,23,23,23

271,250,23,23,23
260,249,23,23,23

273,484,23,23,23
275,485,23,23,23

273,484,23,23,23
274,474,23,23,23

273,484,23,23,23
276,474,23,23,23

274,474,26,26,26
276,474,26,26,26

274,474,26,26,26
276,472,26,26,26

274,474,26,26,26
278,470,26,26,26

275,485,24,24,24
273,484,24,24,24

275,485,24,24,24
283,489,24,24,24

275,485,24,24,24
274,474,24,24,24

275,319,153,153,153
254,306,153,153,153

275,319,153,153,153
259,300,153,153,153

275,319,153,153,153
286,295,153,153,153

276,474,22,22,22
274,474,22,22,22

276,474,22,22,22
276,472,22,22,22

276,474,22,22,22
278,470,22,22,22

276,472,9,9,9
276,474,9,9,9

276,472,9,9,9
274,474,9,9,9

276,472,9,9,9
278,470,9,9,9

277,269,64,64,64
280,267,64,64,64

277,269,64,64,64
269,267,64,64,64

277,269,64,64,64
271,250,64,64,64

278,470,17,17,17
276,472,17,17,17

278,470,17,17,17
276,474,17,17,17

278,470,17,17,17
274,474,17,17,17

280,267,68,68,68
277,269,68,68,68

280,267,68,68,68
269,267,68,68,68

280,267,68,68,68
281,249,68,68,68

281,249,42,42,42
271,250,42,42,42

281,249,42,42,42
281,235,42,42,42

281,249,42,42,42
288,234,42,42,42

281,235,36,36,36
288,234,36,36,36

281,235,36,36,36
286,228,36,36,36

281,235,36,36,36
281,249,36,36,36

283,489,0,0,0
287,488,0,0,0

283,489,0,0,0
286,484,0,0,0

283,489,0,0,0
275,485,0,0,0

286,484,14,14,14
287,488,14,14,14

286,484,14,14,14
283,489,14,14,14

286,484,14,14,14
286,474,14,14,14

286,474,18,18,18
278,470,18,18,18

286,474,18,18,18
276,474,18,18,18

286,474,18,18,18
286,484,18,18,18

286,295,139,139,139
266,286,139,139,139

286,295,139,139,139
275,319,139,139,139

286,295,139,139,139
259,300,139,139,139

286,228,72,72,72
288,234,72,72,72

286,228,72,72,72
281,235,72,72,72

286,228,72,72,72
281,249,72,72,72

287,488,28,28,28
283,489,28,28,28

287,488,28,28,28
286,484,28,28,28

287,488,28,28,28
298,487,28,28,28

288,234,67,67,67
286,228,67,67,67

288,234,67,67,67
281,235,67,67,67

288,234,67,67,67
281,249,67,67,67

298,487,25,25,25
305,479,25,25,25

298,487,25,25,25
306,480,25,25,25

298,487,25,25,25
287,488,25,25,25

299,473,10,10,10
305,479,10,10,10

299,473,10,10,10
306,480,10,10,10

299,473,10,10,10
309,472,10,10,10

305,479,8,8,8
306,480,8,8,8

305,479,8,8,8
309,472,8,8,8

305,479,8,8,8
299,473,8,8,8

306,480,8,8,8
305,479,8,8,8

306,480,8,8,8
309,472,8,8,8

306,480,8,8,8
314,484,8,8,8

308,239,148,148,148
288,234,148,148,148

308,239,148,148,148
313,260,148,148,148

308,239,148,148,148
286,228,148,148,148

309,472,8,8,8
315,471,8,8,8

309,472,8,8,8
305,479,8,8,8

309,472,8,8,8
306,480,8,8,8

309,339,153,153,153
275,319,153,153,153

309,339,153,153,153
342,365,153,153,153

309,339,153,153,153
350,350,153,153,153

313,486,27,27,27
314,484,27,27,27

313,486,27,27,27
316,480,27,27,27

313,486,27,27,27
306,480,27,27,27

313,260,135,135,135
326,267,135,135,135

313,260,135,135,135
308,239,135,135,135

313,260,135,135,135
335,269,135,135,135

314,484,10,10,10
313,486,10,10,10

314,484,10,10,10
316,480,10,10,10

314,484,10,10,10
306,480,10,10,10

315,471,18,18,18
309,472,18,18,18

315,471,18,18,18
316,480,18,18,18

315,471,18,18,18
306,480,18,18,18

316,480,7,7,7
314,484,7,7,7

316,480,7,7,7
313,486,7,7,7

316,480,7,7,7
315,471,7,7,7

326,482,6,6,6
335,478,6,6,6

326,482,6,6,6
316,480,6,6,6

326,482,6,6,6
337,480,6,6,6

326,267,137,137,137
335,269,137,137,137

326,267,137,137,137
313,260,137,137,137

326,267,137,137,137
308,239,137,137,137

327,395,165,165,165
342,365,165,165,165

327,395,165,165,165
361,376,165,165,165

327,395,165,165,165
365,407,165,165,165

335,478,9,9,9
337,480,9,9,9

335,478,9,9,9
340,476,9,9,9

335,478,9,9,9
326,482,9,9,9

335,269,141,141,141
326,267,141,141,141

335,269,141,141,141
313,260,141,141,141

335,269,141,141,141
308,239,141,141,141

337,480,7,7,7
335,478,7,7,7

337,480,7,7,7
340,476,7,7,7

337,480,7,7,7
340,489,7,7,7

340,489,0,0,0
348,489,0,0,0

340,489,0,0,0
337,480,0,0,0

340,489,0,0,0
350,486,0,0,0

340,476,10,10,10
337,480,10,10,10

340,476,10,10,10
335,478,10,10,10

340,476,10,10,10
347,480,10,10,10

342,365,150,150,150
350,350,150,150,150

342,365,150,150,150
361,376,150,150,150

342,365,150,150,150
327,395,150,150,150

347,480,8,8,8
349,482,8,8,8

347,480,8,8,8
349,478,8,8,8

347,480,8,8,8
350,486,8,8,8

348,489,0,0,0
350,486,0,0,0

348,489,0,0,0
349,482,0,0,0

348,489,0,0,0
340,489,0,0,0

349,482,8,8,8
347,480,8,8,8

349,482,8,8,8
349,478,8,8,8

349,482,8,8,8
350,486,8,8,8

349,478,6,6,6
347,480,6,6,6

349,478,6,6,6
349,482,6,6,6

349,478,6,6,6
350,486,6,6,6

349,468,0,0,0
350,470,0,0,0

349,468,0,0,0
349,478,0,0,0

349,468,0,0,0
340,476,0,0,0

350,486,26,26,26
348,489,26,26,26

350,486,26,26,26
349,482,26,26,26

350,486,26,26,26
347,480,26,26,26

350,470,7,7,7
349,468,7,7,7

350,470,7,7,7
349,478,7,7,7

350,470,7,7,7
347,480,7,7,7

350,350,147,147,147
342,365,147,147,147

350,350,147,147,147
361,376,147,147,147

350,350,147,147,147
370,327,147,147,147

358,482,10,10,10
350,486,10,10,10

358,482,10,10,10
349,482,10,10,10

358,482,10,10,10
349,478,10,10,10

361,376,150,150,150
342,365,150,150,150

361,376,150,150,150
350,350,150,150,150

361,376,150,150,150
365,407,150,150,150

365,407,161,161,161
389,418,161,161,161

365,407,161,161,161
361,376,161,161,161

365,407,161,161,161
393,428,161,161,161

366,467,10,10,10
367,476,10,10,10

366,467,10,10,10
376,471,10,10,10

366,467,10,10,10
350,470,10,10,10

367,476,7,7,7
366,467,7,7,7

367,476,7,7,7
376,471,7,7,7

367,476,7,7,7
358,482,7,7,7

370,327,142,142,142
382,327,142,142,142

370,327,142,142,142
397,329,142,142,142

370,327,142,142,142
350,350,142,142,142

376,471,14,14,14
386,472,14,14,14

376,471,14,14,14
367,476,14,14,14

376,471,14,14,14
366,467,14,14,14

379,486,58,58,58
376,471,58,58,58

379,486,58,58,58
367,476,58,58,58

379,486,58,58,58
386,472,58,58,58

382,327,140,140,140
370,327,140,140,140

382,327,140,140,140
397,329,140,140,140

382,327,140,140,140
350,350,140,140,140

385,465,20,20,20
386,472,20,20,20

385,465,20,20,20
376,471,20,20,20

385,465,20,20,20
397,468,20,20,20

386,472,8,8,8
385,465,8,8,8

386,472,8,8,8
396,472,8,8,8

386,472,8,8,8
376,471,8,8,8

389,418,161,161,161
393,428,161,161,161

389,418,161,161,161
395,433,161,161,161

389,418,161,161,161
408,413,161,161,161

393,428,168,168,168
395,433,168,168,168

393,428,168,168,168
389,418,168,168,168

393,428,168,168,168
404,432,168,168,168

395,433,167,167,167
393,428,167,167,167

395,433,167,167,167
404,432,167,167,167

395,433,167,167,167
389,418,167,167,167

396,480,18,18,18
396,472,18,18,18

396,480,18,18,18
397,468,18,18,18

396,480,18,18,18
386,472,18,18,18

396,472,7,7,7
397,468,7,7,7

396,472,7,7,7
396,480,7,7,7

396,472,7,7,7
386,472,7,7,7

397,468,8,8,8
396,472,8,8,8

397,468,8,8,8
386,472,8,8,8

397,468,8,8,8
396,480,8,8,8

397,329,138,138,138
382,327,138,138,138

397,329,138,138,138
370,327,138,138,138

397,329,138,138,138
414,354,138,138,138

404,432,164,164,164
395,433,164,164,164

404,432,164,164,164
393,428,164,164,164

404,432,164,164,164
408,413,164,164,164

404,367,145,145,145
414,354,145,145,145

404,367,145,145,145
397,329,145,145,145

404,367,145,145,145
446,365,145,145,145

408,413,157,157,157
404,432,157,157,157

408,413,157,157,157
389,418,157,157,157

408,413,157,157,157
393,428,157,157,157

409,461,10,10,10
416,458,10,10,10

409,461,10,10,10
410,471,10,10,10

409,461,10,10,10
419,465,10,10,10

409,138,86,86,86
414,141,86,86,86

409,138,86,86,86
415,140,86,86,86

409,138,86,86,86
425,151,86,86,86

410,471,5,5,5
412,476,5,5,5

410,471,5,5,5
409,461,5,5,5

410,471,5,5,5
419,465,5,5,5

412,476,14,14,14
410,471,14,14,14

412,476,14,14,14
419,465,14,14,14

412,476,14,14,14
422,467,14,14,14

414,354,139,139,139
404,367,139,139,139

414,354,139,139,139
397,329,139,139,139

414,354,139,139,139
446,365,139,139,139

414,141,39,39,39
415,140,39,39,39

414,141,39,39,39
409,138,39,39,39

414,141,39,39,39
425,151,39,39,39

415,140,85,85,85
414,141,85,85,85

415,140,85,85,85
409,138,85,85,85

415,140,85,85,85
425,151,85,85,85

416,458,2,2,2
409,461,2,2,2

416,458,2,2,2
419,465,2,2,2

416,458,2,2,2
425,462,2,2,2

419,465,7,7,7
422,467,7,7,7

419,465,7,7,7
424,464,7,7,7

419,465,7,7,7
424,469,7,7,7

422,467,5,5,5
424,469,5,5,5

422,467,5,5,5
419,465,5,5,5

422,467,5,5,5
424,464,5,5,5

424,469,6,6,6
422,467,6,6,6

424,469,6,6,6
424,464,6,6,6

424,469,6,6,6
419,465,6,6,6

424,464,7,7,7
425,462,7,7,7

424,464,7,7,7
422,467,7,7,7

424,464,7,7,7
424,469,7,7,7

425,462,8,8,8
424,464,8,8,8

425,462,8,8,8
429,458,8,8,8

425,462,8,8,8
422,467,8,8,8

425,151,48,48,48
428,148,48,48,48

425,151,48,48,48
414,141,48,48,48

425,151,48,48,48
415,140,48,48,48

428,148,18,18,18
425,151,18,18,18

428,148,18,18,18
415,140,18,18,18

428,148,18,18,18
414,141,18,18,18

429,458,6,6,6
425,462,6,6,6

429,458,6,6,6
424,464,6,6,6

429,458,6,6,6
436,464,6,6,6

436,464,5,5,5
443,469,5,5,5

436,464,5,5,5
445,463,5,5,5

436,464,5,5,5
429,458,5,5,5

443,469,26,26,26
446,464,26,26,26

443,469,26,26,26
445,463,26,26,26

443,469,26,26,26
436,464,26,26,26

445,463,10,10,10
446,464,10,10,10

445,463,10,10,10
443,469,10,10,10

445,463,10,10,10
436,464,10,10,10

445,449,26,26,26
451,450,26,26,26

445,449,26,26,26
445,463,26,26,26

445,449,26,26,26
446,464,26,26,26

445,161,24,24,24
456,168,24,24,24

445,161,24,24,24
458,173,24,24,24

445,161,24,24,24
461,175,24,24,24

446,464,13,13,13
445,463,13,13,13

446,464,13,13,13
443,469,13,13,13

446,464,13,13,13
454,466,13,13,13

446,365,142,142,142
468,346,142,142,142

446,365,142,142,142
449,394,142,142,142

446,365,142,142,142
414,354,142,142,142

449,394,151,151,151
459,398,151,151,151

449,394,151,151,151
446,365,151,151,151

449,394,151,151,151
408,413,151,151,151

451,450,9,9,9
445,449,9,9,9

451,450,9,9,9
461,446,9,9,9

451,450,9,9,9
445,463,9,9,9

454,466,1,1,1
446,464,1,1,1

454,466,1,1,1
445,463,1,1,1

454,466,1,1,1
443,469,1,1,1

456,168,58,58,58
458,173,58,58,58

456,168,58,58,58
461,175,58,58,58

456,168,58,58,58
445,161,58,58,58

458,173,44,44,44
461,175,44,44,44

458,173,44,44,44
456,168,44,44,44

458,173,44,44,44
445,161,44,44,44

459,398,154,154,154
449,394,154,154,154

459,398,154,154,154
446,365,154,154,154

459,398,154,154,154
475,434,154,154,154

461,446,8,8,8
468,443,8,8,8

461,446,8,8,8
469,448,8,8,8

461,446,8,8,8
471,449,8,8,8

461,175,61,61,61
458,173,61,61,61

461,175,61,61,61
456,168,61,61,61

461,175,61,61,61
445,161,61,61,61

468,443,6,6,6
469,448,6,6,6

468,443,6,6,6
471,449,6,6,6

468,443,6,6,6
461,446,6,6,6

468,346,160,160,160
446,365,160,160,160

468,346,160,160,160
449,394,160,160,160

468,346,160,160,160
516,376,160,160,160

469,448,10,10,10
471,449,10,10,10

469,448,10,10,10
468,443,10,10,10

469,448,10,10,10
476,444,10,10,10

471,449,7,7,7
469,448,7,7,7

471,449,7,7,7
468,443,7,7,7

471,449,7,7,7
476,444,7,7,7

475,434,4,4,4
481,431,4,4,4

475,434,4,4,4
476,444,4,4,4

475,434,4,4,4
485,438,4,4,4

476,444,10,10,10
471,449,10,10,10

476,444,10,10,10
468,443,10,10,10

476,444,10,10,10
469,448,10,10,10

481,431,9,9,9
475,434,9,9,9

481,431,9,9,9
488,428,9,9,9

481,431,9,9,9
485,438,9,9,9

481,208,19,19,19
488,221,19,19,19

481,208,19,19,19
489,222,19,19,19

481,208,19,19,19
498,212,19,19,19

485,446,29,29,29
485,442,29,29,29

485,446,29,29,29
485,438,29,29,29

485,446,29,29,29
476,444,29,29,29

485,442,7,7,7
485,446,7,7,7

485,442,7,7,7
485,438,7,7,7

485,442,7,7,7
488,437,7,7,7

485,438,8,8,8
488,437,8,8,8

485,438,8,8,8
485,442,8,8,8

485,438,8,8,8
485,446,8,8,8

488,437,7,7,7
485,438,7,7,7

488,437,7,7,7
485,442,7,7,7

488,437,7,7,7
492,432,7,7,7

488,428,5,5,5
492,432,5,5,5

488,428,5,5,5
481,431,5,5,5

488,428,5,5,5
488,437,5,5,5

488,221,15,15,15
489,222,15,15,15

488,221,15,15,15
494,232,15,15,15

488,221,15,15,15
498,212,15,15,15

489,222,28,28,28
488,221,28,28,28

489,222,28,28,28
494,232,28,28,28

489,222,28,28,28
498,212,28,28,28

492,432,9,9,9
488,428,9,9,9

492,432,9,9,9
488,437,9,9,9

492,432,9,9,9
501,432,9,9,9

494,232,8,8,8
489,222,8,8,8

494,232,8,8,8
488,221,8,8,8

494,232,8,8,8
508,228,8,8,8

498,212,0,0,0
506,217,0,0,0

498,212,0,0,0
488,221,0,0,0

498,212,0,0,0
489,222,0,0,0

500,425,9,9,9
503,429,9,9,9

500,425,9,9,9
501,432,9,9,9

500,425,9,9,9
492,432,9,9,9

501,432,9,9,9
503,429,9,9,9

501,432,9,9,9
500,425,9,9,9

501,432,9,9,9
492,432,9,9,9

503,442,3,3,3
510,435,3,3,3

503,442,3,3,3
501,432,3,3,3

503,442,3,3,3
503,429,3,3,3

503,429,8,8,8
501,432,8,8,8

503,429,8,8,8
500,425,8,8,8

503,429,8,8,8
510,435,8,8,8

505,409,4,4,4
511,414,4,4,4

505,409,4,4,4
512,419,4,4,4

505,409,4,4,4
517,417,4,4,4

506,217,61,61,61
498,212,61,61,61

506,217,61,61,61
508,228,61,61,61

506,217,61,61,61
510,233,61,61,61

508,228,0,0,0
510,233,0,0,0

508,228,0,0,0
509,236,0,0,0

508,228,0,0,0
506,217,0,0,0

509,252,14,14,14
512,251,14,14,14

509,252,14,14,14
514,248,14,14,14

509,252,14,14,14
517,255,14,14,14

509,236,6,6,6
510,233,6,6,6

509,236,6,6,6
514,238,6,6,6

509,236,6,6,6
511,243,6,6,6

510,435,30,30,30
518,433,30,30,30

510,435,30,30,30
503,429,30,30,30

510,435,30,30,30
501,432,30,30,30

510,233,6,6,6
509,236,6,6,6

510,233,6,6,6
508,228,6,6,6

510,233,6,6,6
514,238,6,6,6

511,423,7,7,7
512,419,7,7,7

511,423,7,7,7
517,420,7,7,7

511,423,7,7,7
517,417,7,7,7

511,414,6,6,6
512,419,6,6,6

511,414,6,6,6
517,417,6,6,6

511,414,6,6,6
505,409,6,6,6

511,243,4,4,4
514,248,4,4,4

511,243,4,4,4
514,238,4,4,4

511,243,4,4,4
509,236,4,4,4

512,419,7,7,7
511,423,7,7,7

512,419,7,7,7
511,414,7,7,7

512,419,7,7,7
517,420,7,7,7

512,251,5,5,5
509,252,5,5,5

512,251,5,5,5
514,248,5,5,5

512,251,5,5,5
517,255,5,5,5

514,248,5,5,5
512,251,5,5,5

514,248,5,5,5
511,243,5,5,5

514,248,5,5,5
509,252,5,5,5

514,238,6,6,6
509,236,6,6,6

514,238,6,6,6
511,243,6,6,6

514,238,6,6,6
510,233,6,6,6

515,395,4,4,4
516,386,4,4,4

515,395,4,4,4
523,401,4,4,4

515,395,4,4,4
525,397,4,4,4

516,386,5,5,5
516,381,5,5,5

516,386,5,5,5
524,387,5,5,5

516,386,5,5,5
515,395,5,5,5

516,381,9,9,9
516,386,9,9,9

516,381,9,9,9
516,376,9,9,9

516,381,9,9,9
525,385,9,9,9

516,376,1,1,1
516,381,1,1,1

516,376,1,1,1
516,386,1,1,1

516,376,1,1,1
525,385,1,1,1

516,276,20,20,20
525,272,20,20,20

516,276,20,20,20
526,270,20,20,20

516,276,20,20,20
517,264,20,20,20

517,420,7,7,7
517,417,7,7,7

517,420,7,7,7
512,419,7,7,7

517,420,7,7,7
511,423,7,7,7

517,417,7,7,7
517,420,7,7,7

517,417,7,7,7
512,419,7,7,7

517,417,7,7,7
511,414,7,7,7

517,292,16,16,16
519,290,16,16,16

517,292,16,16,16
524,292,16,16,16

517,292,16,16,16
527,295,16,16,16

517,264,9,9,9
517,255,9,9,9

517,264,9,9,9
525,259,9,9,9

517,264,9,9,9
526,261,9,9,9

517,255,6,6,6
522,254,6,6,6

517,255,6,6,6
512,251,6,6,6

517,255,6,6,6
514,248,6,6,6

518,433,46,46,46
510,435,46,46,46

518,433,46,46,46
524,424,46,46,46

518,433,46,46,46
511,423,46,46,46

519,313,0,0,0
520,315,0,0,0

519,313,0,0,0
525,315,0,0,0

519,313,0,0,0
530,309,0,0,0

519,290,13,13,13
517,292,13,13,13

519,290,13,13,13
524,292,13,13,13

519,290,13,13,13
528,292,13,13,13

520,315,6,6,6
519,313,6,6,6

520,315,6,6,6
525,315,6,6,6

520,315,6,6,6
522,325,6,6,6

521,333,9,9,9
525,333,9,9,9

521,333,9,9,9
523,329,9,9,9

521,333,9,9,9
525,331,9,9,9

522,326,6,6,6
522,325,6,6,6

522,326,6,6,6
523,329,6,6,6

522,326,6,6,6
525,331,6,6,6

522,325,6,6,6
522,326,6,6,6

522,325,6,6,6
523,329,6,6,6

522,325,6,6,6
525,331,6,6,6

522,254,7,7,7
522,249,7,7,7

522,254,7,7,7
517,255,7,7,7

522,254,7,7,7
525,259,7,7,7

522,249,17,17,17
522,254,17,17,17

522,249,17,17,17
517,255,17,17,17

522,249,17,17,17
514,248,17,17,17

523,406,5,5,5
523,401,5,5,5

523,406,5,5,5
530,405,5,5,5

523,406,5,5,5
525,397,5,5,5

523,401,5,5,5
525,397,5,5,5

523,401,5,5,5
523,406,5,5,5

523,401,5,5,5
530,405,5,5,5

523,329,6,6,6
525,331,6,6,6

523,329,6,6,6
522,326,6,6,6

523,329,6,6,6
522,325,6,6,6

524,424,13,13,13
517,420,13,13,13

524,424,13,13,13
517,417,13,13,13

524,424,13,13,13
518,433,13,13,13

524,387,6,6,6
525,385,6,6,6

524,387,6,6,6
528,384,6,6,6

524,387,6,6,6
516,386,6,6,6

524,363,6,6,6
536,366,6,6,6

524,363,6,6,6
516,376,6,6,6

524,363,6,6,6
532,350,6,6,6

524,347,7,7,7
524,341,7,7,7

524,347,7,7,7
527,339,7,7,7

524,347,7,7,7
532,350,7,7,7

524,341,6,6,6
527,339,6,6,6

524,341,6,6,6
524,347,6,6,6

524,341,6,6,6
525,333,6,6,6

524,292,7,7,7
528,292,7,7,7

524,292,7,7,7
527,295,7,7,7

524,292,7,7,7
519,290,7,7,7

525,397,5,5,5
523,401,5,5,5

525,397,5,5,5
523,406,5,5,5

525,397,5,5,5
530,405,5,5,5

525,385,7,7,7
524,387,7,7,7

525,385,7,7,7
528,384,7,7,7

525,385,7,7,7
516,386,7,7,7

525,333,6,6,6
525,331,6,6,6

525,333,6,6,6
521,333,6,6,6

525,333,6,6,6
523,329,6,6,6

525,331,6,6,6
525,333,6,6,6

525,331,6,6,6
523,329,6,6,6

525,331,6,6,6
521,333,6,6,6

525,315,7,7,7
520,315,7,7,7

525,315,7,7,7
519,313,7,7,7

525,315,7,7,7
530,309,7,7,7

525,272,9,9,9
526,270,9,9,9

525,272,9,9,9
533,275,9,9,9

525,272,9,9,9
516,276,9,9,9

525,259,6,6,6
526,261,6,6,6

525,259,6,6,6
522,254,6,6,6

525,259,6,6,6
517,255,6,6,6

526,270,8,8,8
525,272,8,8,8

526,270,8,8,8
533,275,8,8,8

526,270,8,8,8
526,261,8,8,8

526,261,13,13,13
525,259,13,13,13

526,261,13,13,13
522,254,13,13,13

526,261,13,13,13
526,270,13,13,13

527,339,9,9,9
524,341,9,9,9

527,339,9,9,9
525,333,9,9,9

527,339,9,9,9
525,331,9,9,9

527,295,8,8,8
528,292,8,8,8

527,295,8,8,8
524,292,8,8,8

527,295,8,8,8
531,300,8,8,8

528,384,6,6,6
525,385,6,6,6

528,384,6,6,6
524,387,6,6,6

528,384,6,6,6
538,380,6,6,6

528,292,9,9,9
527,295,9,9,9

528,292,9,9,9
524,292,9,9,9

528,292,9,9,9
531,289,9,9,9

530,405,5,5,5
532,404,5,5,5

530,405,5,5,5
523,406,5,5,5

530,405,5,5,5
523,401,5,5,5

530,309,8,8,8
534,307,8,8,8

530,309,8,8,8
525,315,8,8,8

530,309,8,8,8
531,300,8,8,8

531,300,5,5,5
527,295,5,5,5

531,300,5,5,5
534,307,5,5,5

531,300,5,5,5
528,292,5,5,5

531,289,10,10,10
528,292,10,10,10

531,289,10,10,10
537,286,10,10,10

531,289,10,10,10
531,282,10,10,10

531,282,10,10,10
531,289,10,10,10

531,282,10,10,10
537,286,10,10,10

531,282,10,10,10
533,275,10,10,10

532,404,5,5,5
530,405,5,5,5

532,404,5,5,5
538,403,5,5,5

532,404,5,5,5
523,406,5,5,5

532,350,15,15,15
524,347,15,15,15

532,350,15,15,15
540,354,15,15,15

532,350,15,15,15
524,341,15,15,15

532,325,10,10,10
538,321,10,10,10

532,325,10,10,10
525,331,10,10,10

532,325,10,10,10
523,329,10,10,10

533,415,7,7,7
537,422,7,7,7

533,415,7,7,7
536,424,7,7,7

533,415,7,7,7
530,405,7,7,7

533,275,2,2,2
531,282,2,2,2

533,275,2,2,2
525,272,2,2,2

533,275,2,2,2
526,270,2,2,2

534,307,5,5,5
530,309,5,5,5

534,307,5,5,5
531,300,5,5,5

534,307,5,5,5
545,310,5,5,5

536,424,15,15,15
537,422,15,15,15

536,424,15,15,15
533,415,15,15,15

536,424,15,15,15
545,427,15,15,15

536,366,8,8,8
541,366,8,8,8

536,366,8,8,8
543,365,8,8,8

536,366,8,8,8
543,358,8,8,8

537,422,9,9,9
536,424,9,9,9

537,422,9,9,9
533,415,9,9,9

537,422,9,9,9
545,420,9,9,9

537,286,0,0,0
531,289,0,0,0

537,286,0,0,0
531,282,0,0,0

537,286,0,0,0
528,292,0,0,0

538,403,5,5,5
538,397,5,5,5

538,403,5,5,5
532,404,5,5,5

538,403,5,5,5
530,405,5,5,5

538,397,5,5,5
538,403,5,5,5

538,397,5,5,5
547,396,5,5,5

538,397,5,5,5
532,404,5,5,5

538,380,6,6,6
540,381,6,6,6

538,380,6,6,6
540,378,6,6,6

538,380,6,6,6
543,385,6,6,6

538,321,8,8,8
543,316,8,8,8

538,321,8,8,8
532,325,8,8,8

538,321,8,8,8
546,321,8,8,8

540,381,7,7,7
538,380,7,7,7

540,381,7,7,7
540,378,7,7,7

540,381,7,7,7
543,385,7,7,7

540,378,7,7,7
538,380,7,7,7

540,378,7,7,7
540,381,7,7,7

540,378,7,7,7
543,385,7,7,7

540,354,11,11,11
543,358,11,11,11

540,354,11,11,11
532,350,11,11,11

540,354,11,11,11
543,365,11,11,11

541,366,8,8,8
543,365,8,8,8

541,366,8,8,8
536,366,8,8,8

541,366,8,8,8
543,358,8,8,8

541,330,14,14,14
538,321,14,14,14

541,330,14,14,14
550,326,14,14,14

541,330,14,14,14
532,325,14,14,14

543,385,6,6,6
544,387,6,6,6

543,385,6,6,6
540,381,6,6,6

543,385,6,6,6
548,383,6,6,6

543,365,11,11,11
541,366,11,11,11

543,365,11,11,11
543,358,11,11,11

543,365,11,11,11
536,366,11,11,11

543,358,16,16,16
540,354,16,16,16

543,358,16,16,16
543,365,16,16,16

543,358,16,16,16
541,366,16,16,16

543,316,5,5,5
546,321,5,5,5

543,316,5,5,5
545,310,5,5,5

543,316,5,5,5
538,321,5,5,5

544,387,3,3,3
543,385,3,3,3

544,387,3,3,3
548,383,3,3,3

544,387,3,3,3
540,381,3,3,3

545,427,20,20,20
549,427,20,20,20

545,427,20,20,20
545,420,20,20,20

545,427,20,20,20
552,424,20,20,20

545,420,8,8,8
550,416,8,8,8

545,420,8,8,8
545,427,8,8,8

545,420,8,8,8
550,415,8,8,8

545,310,1,1,1
543,316,1,1,1

545,310,1,1,1
546,321,1,1,1

545,310,1,1,1
534,307,1,1,1

546,321,6,6,6
543,316,6,6,6

546,321,6,6,6
550,326,6,6,6

546,321,6,6,6
538,321,6,6,6

547,396,5,5,5
550,400,5,5,5

547,396,5,5,5
555,398,5,5,5

547,396,5,5,5
538,397,5,5,5

548,383,13,13,13
543,385,13,13,13

548,383,13,13,13
544,387,13,13,13

548,383,13,13,13
540,381,13,13,13

549,427,11,11,11
545,427,11,11,11

549,427,11,11,11
552,424,11,11,11

549,427,11,11,11
545,420,11,11,11

549,340,13,13,13
551,342,13,13,13

549,340,13,13,13
553,339,13,13,13

549,340,13,13,13
551,348,13,13,13

550,416,8,8,8
550,415,8,8,8

550,416,8,8,8
551,416,8,8,8

550,416,8,8,8
553,418,8,8,8

550,415,8,8,8
550,416,8,8,8

550,415,8,8,8
551,416,8,8,8

550,415,8,8,8
553,418,8,8,8

550,400,5,5,5
547,396,5,5,5

550,400,5,5,5
555,398,5,5,5

550,400,5,5,5
556,397,5,5,5

550,326,53,53,53
546,321,53,53,53

550,326,53,53,53
541,330,53,53,53

550,326,53,53,53
543,316,53,53,53

551,416,8,8,8
550,416,8,8,8

551,416,8,8,8
550,415,8,8,8

551,416,8,8,8
553,418,8,8,8

551,348,5,5,5
551,342,5,5,5

551,348,5,5,5
549,340,5,5,5

551,348,5,5,5
553,339,5,5,5

551,342,9,9,9
549,340,9,9,9

551,342,9,9,9
553,339,9,9,9

551,342,9,9,9
551,348,9,9,9

552,424,10,10,10
549,427,10,10,10

552,424,10,10,10
553,418,10,10,10

552,424,10,10,10
545,427,10,10,10

553,418,9,9,9
551,416,9,9,9

553,418,9,9,9
550,416,9,9,9

553,418,9,9,9
550,415,9,9,9

553,339,49,49,49
551,342,49,49,49

553,339,49,49,49
549,340,49,49,49

553,339,49,49,49
551,348,49,49,49

555,398,7,7,7
556,397,7,7,7

555,398,7,7,7
550,400,7,7,7

555,398,7,7,7
562,396,7,7,7

556,397,7,7,7
555,398,7,7,7

556,397,7,7,7
562,396,7,7,7

556,397,7,7,7
550,400,7,7,7

560,408,9,9,9
563,408,9,9,9

560,408,9,9,9
563,404,9,9,9

560,408,9,9,9
564,417,9,9,9

561,430,10,10,10
562,433,10,10,10

561,430,10,10,10
568,431,10,10,10

561,430,10,10,10
552,424,10,10,10

562,433,20,20,20
561,430,20,20,20

562,433,20,20,20
568,431,20,20,20

562,433,20,20,20
572,431,20,20,20

562,396,8,8,8
562,393,8,8,8

562,396,8,8,8
566,398,8,8,8

562,396,8,8,8
567,394,8,8,8

562,393,5,5,5
562,396,5,5,5

562,393,5,5,5
567,394,5,5,5

562,393,5,5,5
566,398,5,5,5

563,408,18,18,18
560,408,18,18,18

563,408,18,18,18
563,404,18,18,18

563,408,18,18,18
564,417,18,18,18

563,404,43,43,43
563,408,43,43,43

563,404,43,43,43
560,408,43,43,43

563,404,43,43,43
566,398,43,43,43

564,417,10,10,10
569,417,10,10,10

564,417,10,10,10
563,408,10,10,10

564,417,10,10,10
560,408,10,10,10

565,385,174,174,174
562,393,174,174,174

565,385,174,174,174
567,394,174,174,174

565,385,174,174,174
562,396,174,174,174

566,398,4,4,4
567,394,4,4,4

566,398,4,4,4
562,396,4,4,4

566,398,4,4,4
562,393,4,4,4

567,394,1,1,1
566,398,1,1,1

567,394,1,1,1
562,393,1,1,1

567,394,1,1,1
562,396,1,1,1

568,431,8,8,8
572,431,8,8,8

568,431,8,8,8
562,433,8,8,8

568,431,8,8,8
574,433,8,8,8

569,417,10,10,10
564,417,10,10,10

569,417,10,10,10
577,413,10,10,10

569,417,10,10,10
563,408,10,10,10

572,431,8,8,8
574,433,8,8,8

572,431,8,8,8
568,431,8,8,8

572,431,8,8,8
576,432,8,8,8

574,433,14,14,14
576,432,14,14,14

574,433,14,14,14
572,431,14,14,14

574,433,14,14,14
568,431,14,14,14

574,400,5,5,5
580,399,5,5,5

574,400,5,5,5
566,398,5,5,5

574,400,5,5,5
582,397,5,5,5

576,432,9,9,9
574,433,9,9,9

576,432,9,9,9
572,431,9,9,9

576,432,9,9,9
581,435,9,9,9

577,413,12,12,12
569,417,12,12,12

577,413,12,12,12
586,409,12,12,12

577,413,12,12,12
574,400,12,12,12

580,426,9,9,9
576,432,9,9,9

580,426,9,9,9
586,430,9,9,9

580,426,9,9,9
584,434,9,9,9

580,399,6,6,6
582,397,6,6,6

580,399,6,6,6
574,400,6,6,6

580,399,6,6,6
587,398,6,6,6

581,435,24,24,24
584,434,24,24,24

581,435,24,24,24
576,432,24,24,24

581,435,24,24,24
586,430,24,24,24

582,397,55,55,55
580,399,55,55,55

582,397,55,55,55
587,398,55,55,55

582,397,55,55,55
574,400,55,55,55

584,434,19,19,19
581,435,19,19,19

584,434,19,19,19
586,430,19,19,19

584,434,19,19,19
589,435,19,19,19

586,430,8,8,8
584,434,8,8,8

586,430,8,8,8
589,435,8,8,8

586,430,8,8,8
581,435,8,8,8

586,409,25,25,25
577,413,25,25,25

586,409,25,25,25
596,407,25,25,25

586,409,25,25,25
587,398,25,25,25

587,398,49,49,49
582,397,49,49,49

587,398,49,49,49
580,399,49,49,49

587,398,49,49,49
586,409,49,49,49

589,435,26,26,26
584,434,26,26,26

589,435,26,26,26
586,430,26,26,26

589,435,26,26,26
595,436,26,26,26

593,426,9,9,9
595,430,9,9,9

593,426,9,9,9
586,430,9,9,9

593,426,9,9,9
589,435,9,9,9

595,436,28,28,28
595,430,28,28,28

595,436,28,28,28
589,435,28,28,28

595,436,28,28,28
593,426,28,28,28

595,430,8,8,8
593,426,8,8,8

595,430,8,8,8
595,436,8,8,8

595,430,8,8,8
589,435,8,8,8

596,407,28,28,28
599,404,28,28,28

596,407,28,28,28
598,416,28,28,28

596,407,28,28,28
586,409,28,28,28

598,416,10,10,10
596,407,10,10,10

598,416,10,10,10
593,426,10,10,10

598,416,10,10,10
599,404,10,10,10

599,404,6,6,6
596,407,6,6,6

599,404,6,6,6
598,416,6,6,6

599,404,6,6,6
587,398,6,6,6

604,431,9,9,9
605,428,9,9,9

604,431,9,9,9
605,439,9,9,9

604,431,9,9,9
595,430,9,9,9

605,439,0,0,0
604,431,0,0,0

605,439,0,0,0
595,436,0,0,0

605,439,0,0,0
605,428,0,0,0

605,428,11,11,11
604,431,11,11,11

605,428,11,11,11
595,430,11,11,11

605,428,11,11,11
605,439,11,11,11

614,421,14,14,14
605,428,14,14,14

614,421,14,14,14
622,412,14,14,14

614,421,14,14,14
626,428,14,14,14

615,405,5,5,5
617,402,5,5,5

615,405,5,5,5
619,403,5,5,5

615,405,5,5,5
620,401,5,5,5

617,402,8,8,8
619,403,8,8,8

617,402,8,8,8
620,401,8,8,8

617,402,8,8,8
615,405,8,8,8

619,403,4,4,4
617,402,4,4,4

619,403,4,4,4
620,401,4,4,4

619,403,4,4,4
615,405,4,4,4

620,401,17,17,17
619,403,17,17,17

620,401,17,17,17
617,402,17,17,17

620,401,17,17,17
615,405,17,17,17

622,412,12,12,12
629,414,12,12,12

622,412,12,12,12
628,418,12,12,12

622,412,12,12,12
619,403,12,12,12

623,436,23,23,23
626,428,23,23,23

623,436,23,23,23
631,432,23,23,23

623,436,23,23,23
637,436,23,23,23

626,428,13,13,13
631,432,13,13,13

626,428,13,13,13
623,436,13,13,13

626,428,13,13,13
628,418,13,13,13

628,418,12,12,12
629,414,12,12,12

628,418,12,12,12
635,416,12,12,12

628,418,12,12,12
622,412,12,12,12

629,414,11,11,11
628,418,11,11,11

629,414,11,11,11
635,416,11,11,11

629,414,11,11,11
636,413,11,11,11

631,432,13,13,13
626,428,13,13,13

631,432,13,13,13
637,436,13,13,13

631,432,13,13,13
636,425,13,13,13

632,406,21,21,21
635,403,21,21,21

632,406,21,21,21
636,409,21,21,21

632,406,21,21,21
636,413,21,21,21

635,416,12,12,12
636,413,12,12,12

635,416,12,12,12
629,414,12,12,12

635,416,12,12,12
636,409,12,12,12

635,403,4,4,4
632,406,4,4,4

635,403,4,4,4
636,409,4,4,4

635,403,4,4,4
641,400,4,4,4

636,425,14,14,14
642,425,14,14,14

636,425,14,14,14
640,432,14,14,14

636,425,14,14,14
644,423,14,14,14

636,413,11,11,11
635,416,11,11,11

636,413,11,11,11
636,409,11,11,11

636,413,11,11,11
629,414,11,11,11

636,409,9,9,9
636,413,9,9,9

636,409,9,9,9
632,406,9,9,9

636,409,9,9,9
635,403,9,9,9

637,436,18,18,18
640,432,18,18,18

637,436,18,18,18
642,435,18,18,18

637,436,18,18,18
631,432,18,18,18

640,432,12,12,12
642,435,12,12,12

640,432,12,12,12
637,436,12,12,12

640,432,12,12,12
642,425,12,12,12

641,400,4,4,4
635,403,4,4,4

641,400,4,4,4
636,409,4,4,4

641,400,4,4,4
632,406,4,4,4

642,435,30,30,30
640,432,30,30,30

642,435,30,30,30
637,436,30,30,30

642,435,30,30,30
642,425,30,30,30

642,425,15,15,15
644,423,15,15,15

642,425,15,15,15
636,425,15,15,15

642,425,15,15,15
640,432,15,15,15

644,423,17,17,17
642,425,17,17,17

644,423,17,17,17
650,428,17,17,17

644,423,17,17,17
636,425,17,17,17

646,410,10,10,10
648,410,10,10,10

646,410,10,10,10
653,407,10,10,10

646,410,10,10,10
636,409,10,10,10

648,410,8,8,8
646,410,8,8,8

648,410,8,8,8
653,407,8,8,8

648,410,8,8,8
655,402,8,8,8

650,428,14,14,14
644,423,14,14,14

650,428,14,14,14
642,425,14,14,14

650,428,14,14,14
659,425,14,14,14

653,407,7,7,7
655,402,7,7,7

653,407,7,7,7
648,410,7,7,7

653,407,7,7,7
658,402,7,7,7

655,402,11,11,11
657,400,11,11,11

655,402,11,11,11
658,402,11,11,11

655,402,11,11,11
653,407,11,11,11

655,393,0,0,0
657,400,0,0,0

655,393,0,0,0
662,396,0,0,0

655,393,0,0,0
655,402,0,0,0

657,400,7,7,7
658,402,7,7,7

657,400,7,7,7
655,402,7,7,7

657,400,7,7,7
662,396,7,7,7

658,402,12,12,12
657,400,12,12,12

658,402,12,12,12
655,402,12,12,12

658,402,12,12,12
653,407,12,12,12

659,425,16,16,16
665,430,16,16,16

659,425,16,16,16
650,428,16,16,16

659,425,16,16,16
664,434,16,16,16

662,414,10,10,10
664,413,10,10,10

662,414,10,10,10
664,410,10,10,10

662,414,10,10,10
667,406,10,10,10

662,396,9,9,9
657,400,9,9,9

662,396,9,9,9
658,402,9,9,9

662,396,9,9,9
655,393,9,9,9

664,434,36,36,36
665,430,36,36,36

664,434,36,36,36
659,425,36,36,36

664,434,36,36,36
674,423,36,36,36

664,413,10,10,10
662,414,10,10,10

664,413,10,10,10
664,410,10,10,10

664,413,10,10,10
667,406,10,10,10

664,410,9,9,9
664,413,9,9,9

664,410,9,9,9
662,414,9,9,9

664,410,9,9,9
667,406,9,9,9

665,430,16,16,16
664,434,16,16,16

665,430,16,16,16
659,425,16,16,16

665,430,16,16,16
674,423,16,16,16

667,406,8,8,8
670,403,8,8,8

667,406,8,8,8
664,410,8,8,8

667,406,8,8,8
664,413,8,8,8

670,403,8,8,8
667,406,8,8,8

670,403,8,8,8
676,405,8,8,8

670,403,8,8,8
664,410,8,8,8

671,333,1,1,1
673,334,1,1,1

671,333,1,1,1
676,336,1,1,1

671,333,1,1,1
678,334,1,1,1

673,334,8,8,8
671,333,8,8,8

673,334,8,8,8
676,336,8,8,8

673,334,8,8,8
678,334,8,8,8

674,423,15,15,15
681,425,15,15,15

674,423,15,15,15
665,430,15,15,15

674,423,15,15,15
683,431,15,15,15

675,323,19,19,19
678,327,19,19,19

675,323,19,19,19
681,315,19,19,19

675,323,19,19,19
671,333,19,19,19

676,405,8,8,8
670,403,8,8,8

676,405,8,8,8
667,406,8,8,8

676,405,8,8,8
664,410,8,8,8

676,336,8,8,8
678,334,8,8,8

676,336,8,8,8
673,334,8,8,8

676,336,8,8,8
671,333,8,8,8

677,385,9,9,9
678,377,9,9,9

677,385,9,9,9
683,377,9,9,9

677,385,9,9,9
690,386,9,9,9

678,377,20,20,20
683,377,20,20,20

678,377,20,20,20
677,385,20,20,20

678,377,20,20,20
689,370,20,20,20

678,334,8,8,8
676,336,8,8,8

678,334,8,8,8
673,334,8,8,8

678,334,8,8,8
681,339,8,8,8

678,327,7,7,7
675,323,7,7,7

678,327,7,7,7
678,334,7,7,7

678,327,7,7,7
673,334,7,7,7

679,358,11,11,11
681,348,11,11,11

679,358,11,11,11
694,356,11,11,11

679,358,11,11,11
689,370,11,11,11

680,302,8,8,8
681,315,8,8,8

680,302,8,8,8
687,291,8,8,8

680,302,8,8,8
693,310,8,8,8

681,425,31,31,31
686,422,31,31,31

681,425,31,31,31
683,431,31,31,31

681,425,31,31,31
674,423,31,31,31

681,348,14,14,14
681,341,14,14,14

681,348,14,14,14
681,339,14,14,14

681,348,14,14,14
679,358,14,14,14

681,341,10,10,10
681,339,10,10,10

681,341,10,10,10
684,337,10,10,10

681,341,10,10,10
681,348,10,10,10

681,339,9,9,9
681,341,9,9,9

681,339,9,9,9
684,337,9,9,9

681,339,9,9,9
676,336,9,9,9

681,315,5,5,5
687,322,5,5,5

681,315,5,5,5
675,323,5,5,5

681,315,5,5,5
690,321,5,5,5

683,431,50,50,50
681,425,50,50,50

683,431,50,50,50
686,422,50,50,50

683,431,50,50,50
674,423,50,50,50

683,377,13,13,13
678,377,13,13,13

683,377,13,13,13
689,370,13,13,13

683,377,13,13,13
677,385,13,13,13

684,337,9,9,9
681,339,9,9,9

684,337,9,9,9
681,341,9,9,9

684,337,9,9,9
678,334,9,9,9

686,422,14,14,14
681,425,14,14,14

686,422,14,14,14
683,431,14,14,14

686,422,14,14,14
697,419,14,14,14

687,322,9,9,9
690,321,9,9,9

687,322,9,9,9
691,320,9,9,9

687,322,9,9,9
681,315,9,9,9

687,291,3,3,3
696,290,3,3,3

687,291,3,3,3
680,302,3,3,3

687,291,3,3,3
701,279,3,3,3

688,394,7,7,7
692,395,7,7,7

688,394,7,7,7
690,387,7,7,7

688,394,7,7,7
695,392,7,7,7

689,404,7,7,7
691,404,7,7,7

689,404,7,7,7
693,409,7,7,7

689,404,7,7,7
692,395,7,7,7

689,370,18,18,18
693,376,18,18,18

689,370,18,18,18
694,364,18,18,18

689,370,18,18,18
683,377,18,18,18

690,387,6,6,6
690,386,6,6,6

690,387,6,6,6
692,385,6,6,6

690,387,6,6,6
695,392,6,6,6

690,386,6,6,6
690,387,6,6,6

690,386,6,6,6
692,385,6,6,6

690,386,6,6,6
695,392,6,6,6

690,321,9,9,9
691,320,9,9,9

690,321,9,9,9
687,322,9,9,9

690,321,9,9,9
695,313,9,9,9

691,404,7,7,7
689,404,7,7,7

691,404,7,7,7
693,409,7,7,7

691,404,7,7,7
692,395,7,7,7

691,320,8,8,8
690,321,8,8,8

691,320,8,8,8
687,322,8,8,8

691,320,8,8,8
695,313,8,8,8

691,271,60,60,60
701,279,60,60,60

691,271,60,60,60
699,260,60,60,60

691,271,60,60,60
703,264,60,60,60

692,395,8,8,8
688,394,8,8,8

692,395,8,8,8
695,392,8,8,8

692,395,8,8,8
690,387,8,8,8

692,385,6,6,6
690,386,6,6,6

692,385,6,6,6
690,387,6,6,6

692,385,6,6,6
695,392,6,6,6

693,409,6,6,6
691,404,6,6,6

693,409,6,6,6
689,404,6,6,6

693,409,6,6,6
697,419,6,6,6

693,376,14,14,14
697,375,14,14,14

693,376,14,14,14
689,370,14,14,14

693,376,14,14,14
701,373,14,14,14

693,310,5,5,5
695,313,5,5,5

693,310,5,5,5
700,314,5,5,5

693,310,5,5,5
701,306,5,5,5

694,364,31,31,31
698,364,31,31,31

694,364,31,31,31
699,368,31,31,31

694,364,31,31,31
701,361,31,31,31

694,356,20,20,20
694,364,20,20,20

694,356,20,20,20
701,361,20,20,20

694,356,20,20,20
698,364,20,20,20

695,392,6,6,6
692,395,6,6,6

695,392,6,6,6
690,387,6,6,6

695,392,6,6,6
688,394,6,6,6

695,313,5,5,5
693,310,5,5,5

695,313,5,5,5
700,314,5,5,5

695,313,5,5,5
700,317,5,5,5

696,290,5,5,5
687,291,5,5,5

696,290,5,5,5
701,279,5,5,5

696,290,5,5,5
701,306,5,5,5

697,419,9,9,9
706,423,9,9,9

697,419,9,9,9
693,409,9,9,9

697,419,9,9,9
686,422,9,9,9

697,375,14,14,14
693,376,14,14,14

697,375,14,14,14
701,373,14,14,14

697,375,14,14,14
701,381,14,14,14

698,364,7,7,7
694,364,7,7,7

698,364,7,7,7
699,368,7,7,7

698,364,7,7,7
701,361,7,7,7

699,368,6,6,6
701,369,6,6,6

699,368,6,6,6
698,364,6,6,6

699,368,6,6,6
701,373,6,6,6

699,260,0,0,0
700,256,0,0,0

699,260,0,0,0
704,258,0,0,0

699,260,0,0,0
703,264,0,0,0

700,317,8,8,8
700,314,8,8,8

700,317,8,8,8
695,313,8,8,8

700,317,8,8,8
691,320,8,8,8

700,314,4,4,4
700,317,4,4,4

700,314,4,4,4
695,313,4,4,4

700,314,4,4,4
693,310,4,4,4

700,256,9,9,9
699,260,9,9,9

700,256,9,9,9
704,258,9,9,9

700,256,9,9,9
703,264,9,9,9

701,381,7,7,7
704,380,7,7,7

701,381,7,7,7
706,376,7,7,7

701,381,7,7,7
697,375,7,7,7

701,373,4,4,4
701,369,4,4,4

701,373,4,4,4
697,375,4,4,4

701,373,4,4,4
699,368,4,4,4

701,369,6,6,6
699,368,6,6,6

701,369,6,6,6
701,373,6,6,6

701,369,6,6,6
698,364,6,6,6

701,361,2,2,2
698,364,2,2,2

701,361,2,2,2
699,368,2,2,2

701,361,2,2,2
694,364,2,2,2

701,306,6,6,6
700,314,6,6,6

701,306,6,6,6
693,310,6,6,6

701,306,6,6,6
695,313,6,6,6

701,279,8,8,8
711,280,8,8,8

701,279,8,8,8
696,290,8,8,8

701,279,8,8,8
691,271,8,8,8

702,352,19,19,19
694,356,19,19,19

702,352,19,19,19
701,361,19,19,19

702,352,19,19,19
698,364,19,19,19

703,264,6,6,6
699,260,6,6,6

703,264,6,6,6
704,258,6,6,6

703,264,6,6,6
700,256,6,6,6

704,428,50,50,50
706,423,50,50,50

704,428,50,50,50
709,425,50,50,50

704,428,50,50,50
697,419,50,50,50

704,380,4,4,4
701,381,4,4,4

704,380,4,4,4
706,376,4,4,4

704,380,4,4,4
701,373,4,4,4

704,258,5,5,5
700,256,5,5,5

704,258,5,5,5
699,260,5,5,5

704,258,5,5,5
703,264,5,5,5

706,423,11,11,11
709,425,11,11,11

706,423,11,11,11
704,428,11,11,11

706,423,11,11,11
697,419,11,11,11

706,376,4,4,4
704,380,4,4,4

706,376,4,4,4
701,373,4,4,4

706,376,4,4,4
701,381,4,4,4

709,425,15,15,15
706,423,15,15,15

709,425,15,15,15
704,428,15,15,15

709,425,15,15,15
715,417,15,15,15

709,412,6,6,6
710,405,6,6,6

709,412,6,6,6
715,417,6,6,6

709,412,6,6,6
719,416,6,6,6

710,405,6,6,6
709,412,6,6,6

710,405,6,6,6
711,398,6,6,6

710,405,6,6,6
715,417,6,6,6

710,240,5,5,5
716,244,5,5,5

710,240,5,5,5
716,245,5,5,5

710,240,5,5,5
720,240,5,5,5

711,398,4,4,4
710,405,4,4,4

711,398,4,4,4
709,412,4,4,4

711,398,4,4,4
695,392,4,4,4

711,280,9,9,9
701,279,9,9,9

711,280,9,9,9
703,264,9,9,9

711,280,9,9,9
696,290,9,9,9

711,251,6,6,6
716,257,6,6,6

711,251,6,6,6
716,245,6,6,6

711,251,6,6,6
716,244,6,6,6

715,417,8,8,8
719,416,8,8,8

715,417,8,8,8
709,412,8,8,8

715,417,8,8,8
722,412,8,8,8

716,257,22,22,22
720,251,22,22,22

716,257,22,22,22
711,251,22,22,22

716,257,22,22,22
716,245,22,22,22

716,245,9,9,9
716,244,9,9,9

716,245,9,9,9
720,240,9,9,9

716,245,9,9,9
720,251,9,9,9

716,244,7,7,7
716,245,7,7,7

716,244,7,7,7
720,240,7,7,7

716,244,7,7,7
710,240,7,7,7

719,416,7,7,7
715,417,7,7,7

719,416,7,7,7
722,412,7,7,7

719,416,7,7,7
709,412,7,7,7

719,222,5,5,5
719,220,5,5,5

719,222,5,5,5
722,221,5,5,5

719,222,5,5,5
725,231,5,5,5

719,220,3,3,3
719,222,3,3,3

719,220,3,3,3
722,221,3,3,3

719,220,3,3,3
725,213,3,3,3

720,251,29,29,29
716,257,29,29,29

720,251,29,29,29
716,245,29,29,29

720,251,29,29,29
716,244,29,29,29

720,240,8,8,8
716,244,8,8,8

720,240,8,8,8
724,236,8,8,8

720,240,8,8,8
716,245,8,8,8

720,233,8,8,8
724,236,8,8,8

720,233,8,8,8
725,231,8,8,8

720,233,8,8,8
720,240,8,8,8

722,431,11,11,11
725,434,11,11,11

722,431,11,11,11
724,435,11,11,11

722,431,11,11,11
728,425,11,11,11

722,412,5,5,5
719,416,5,5,5

722,412,5,5,5
715,417,5,5,5

722,412,5,5,5
709,412,5,5,5

722,221,7,7,7
719,222,7,7,7

722,221,7,7,7
719,220,7,7,7

722,221,7,7,7
725,213,7,7,7

724,435,14,14,14
725,434,14,14,14

724,435,14,14,14
722,431,14,14,14

724,435,14,14,14
728,425,14,14,14

724,236,24,24,24
728,235,24,24,24

724,236,24,24,24
720,233,24,24,24

724,236,24,24,24
725,231,24,24,24

725,434,10,10,10
724,435,10,10,10

725,434,10,10,10
722,431,10,10,10

725,434,10,10,10
728,425,10,10,10

725,231,11,11,11
728,235,11,11,11

725,231,11,11,11
724,236,11,11,11

725,231,11,11,11
730,232,11,11,11

725,213,8,8,8
730,212,8,8,8

725,213,8,8,8
722,221,8,8,8

725,213,8,8,8
719,220,8,8,8

728,425,6,6,6
735,429,6,6,6

728,425,6,6,6
736,426,6,6,6

728,425,6,6,6
722,431,6,6,6

728,235,21,21,21
730,232,21,21,21

728,235,21,21,21
724,236,21,21,21

728,235,21,21,21
725,231,21,21,21

730,232,3,3,3
728,235,3,3,3

730,232,3,3,3
725,231,3,3,3

730,232,3,3,3
731,227,3,3,3

730,212,10,10,10
725,213,10,10,10

730,212,10,10,10
730,204,10,10,10

730,212,10,10,10
739,214,10,10,10

730,204,4,4,4
730,212,4,4,4

730,204,4,4,4
725,213,4,4,4

730,204,4,4,4
737,193,4,4,4

731,227,8,8,8
730,232,8,8,8

731,227,8,8,8
725,231,8,8,8

731,227,8,8,8
728,235,8,8,8

733,442,16,16,16
734,444,16,16,16

733,442,16,16,16
743,441,16,16,16

733,442,16,16,16
725,434,16,16,16

734,444,26,26,26
733,442,26,26,26

734,444,26,26,26
743,441,26,26,26

734,444,26,26,26
743,448,26,26,26

735,429,5,5,5
736,426,5,5,5

735,429,5,5,5
728,425,5,5,5

735,429,5,5,5
725,434,5,5,5

736,426,0,0,0
735,429,0,0,0

736,426,0,0,0
728,425,0,0,0

736,426,0,0,0
725,434,0,0,0

736,192,58,58,58
737,193,58,58,58

736,192,58,58,58
741,190,58,58,58

736,192,58,58,58
730,204,58,58,58

737,193,5,5,5
736,192,5,5,5

737,193,5,5,5
741,190,5,5,5

737,193,5,5,5
730,204,5,5,5

739,214,17,17,17
730,212,17,17,17

739,214,17,17,17
730,204,17,17,17

739,214,17,17,17
725,213,17,17,17

741,190,6,6,6
737,193,6,6,6

741,190,6,6,6
736,192,6,6,6

741,190,6,6,6
750,192,6,6,6

743,448,17,17,17
747,451,17,17,17

743,448,17,17,17
743,441,17,17,17

743,448,17,17,17
749,454,17,17,17

743,441,10,10,10
745,437,10,10,10

743,441,10,10,10
749,442,10,10,10

743,441,10,10,10
743,448,10,10,10

745,437,8,8,8
743,441,8,8,8

745,437,8,8,8
749,442,8,8,8

745,437,8,8,8
743,448,8,8,8

747,451,23,23,23
749,454,23,23,23

747,451,23,23,23
743,448,23,23,23

747,451,23,23,23
749,442,23,23,23

749,454,17,17,17
747,451,17,17,17

749,454,17,17,17
743,448,17,17,17

749,454,17,17,17
757,461,17,17,17

749,442,9,9,9
743,441,9,9,9

749,442,9,9,9
745,437,9,9,9

749,442,9,9,9
743,448,9,9,9

750,192,13,13,13
751,193,13,13,13

750,192,13,13,13
752,189,13,13,13

750,192,13,13,13
753,186,13,13,13

751,193,14,14,14
750,192,14,14,14

751,193,14,14,14
752,189,14,14,14

751,193,14,14,14
753,186,14,14,14

752,189,12,12,12
753,186,12,12,12

752,189,12,12,12
750,192,12,12,12

752,189,12,12,12
751,193,12,12,12

753,186,24,24,24
752,189,24,24,24

753,186,24,24,24
750,192,24,24,24

753,186,24,24,24
751,193,24,24,24

757,461,0,0,0
762,459,0,0,0

757,461,0,0,0
749,454,0,0,0

757,461,0,0,0
747,451,0,0,0

760,188,59,59,59
753,186,59,59,59

760,188,59,59,59
752,189,59,59,59

760,188,59,59,59
751,193,59,59,59

762,459,20,20,20
757,461,20,20,20

762,459,20,20,20
770,454,20,20,20

762,459,20,20,20
772,453,20,20,20

763,177,46,46,46
764,178,46,46,46

763,177,46,46,46
764,175,46,46,46

763,177,46,46,46
760,188,46,46,46

764,178,52,52,52
763,177,52,52,52

764,178,52,52,52
764,175,52,52,52

764,178,52,52,52
760,188,52,52,52

764,175,47,47,47
763,177,47,47,47

764,175,47,47,47
764,178,47,47,47

764,175,47,47,47
760,188,47,47,47

770,454,14,14,14
772,453,14,14,14

770,454,14,14,14
774,454,14,14,14

770,454,14,14,14
762,459,14,14,14

772,453,9,9,9
770,454,9,9,9

772,453,9,9,9
774,454,9,9,9

772,453,9,9,9
779,460,9,9,9

774,454,6,6,6
772,453,6,6,6

774,454,6,6,6
770,454,6,6,6

774,454,6,6,6
779,460,6,6,6

779,460,7,7,7
783,463,7,7,7

779,460,7,7,7
774,454,7,7,7

779,460,7,7,7
785,453,7,7,7

783,463,8,8,8
779,460,8,8,8

783,463,8,8,8
784,468,8,8,8

783,463,8,8,8
788,468,8,8,8

784,468,10,10,10
787,469,10,10,10

784,468,10,10,10
788,468,10,10,10

784,468,10,10,10
783,463,10,10,10

785,453,10,10,10
791,455,10,10,10

785,453,10,10,10
779,460,10,10,10

785,453,10,10,10
783,463,10,10,10

787,469,3,3,3
788,468,3,3,3

787,469,3,3,3
784,468,3,3,3

787,469,3,3,3
790,464,3,3,3

788,468,8,8,8
787,469,8,8,8

788,468,8,8,8
784,468,8,8,8

788,468,8,8,8
790,464,8,8,8

790,464,6,6,6
788,468,6,6,6

790,464,6,6,6
795,462,6,6,6

790,464,6,6,6
787,469,6,6,6

791,455,2,2,2
785,453,2,2,2

791,455,2,2,2
797,457,2,2,2

791,455,2,2,2
796,460,2,2,2

792,474,5,5,5
794,474,5,5,5

792,474,5,5,5
787,469,5,5,5

792,474,5,5,5
788,468,5,5,5

794,474,27,27,27
792,474,27,27,27

794,474,27,27,27
801,472,27,27,27

794,474,27,27,27
788,468,27,27,27

795,462,9,9,9
796,460,9,9,9

795,462,9,9,9
790,464,9,9,9

795,462,9,9,9
797,457,9,9,9

796,460,8,8,8
795,462,8,8,8

796,460,8,8,8
797,457,8,8,8

796,460,8,8,8
791,455,8,8,8

797,457,0,0,0
796,460,0,0,0

797,457,0,0,0
795,462,0,0,0

797,457,0,0,0
791,455,0,0,0

800,149,129,129,129
764,175,129,129,129

800,149,129,129,129
764,178,129,129,129

800,149,129,129,129
763,177,129,129,129

801,472,14,14,14
802,465,14,14,14

801,472,14,14,14
794,474,14,14,14

801,472,14,14,14
807,466,14,14,14

802,465,12,12,12
807,466,12,12,12

802,465,12,12,12
801,472,12,12,12

802,465,12,12,12
795,462,12,12,12

807,466,13,13,13
802,465,13,13,13

807,466,13,13,13
813,462,13,13,13

807,466,13,13,13
801,472,13,13,13

808,479,5,5,5
813,474,5,5,5

808,479,5,5,5
801,472,5,5,5

808,479,5,5,5
807,466,5,5,5

813,474,10,10,10
808,479,10,10,10

813,474,10,10,10
807,466,10,10,10

813,474,10,10,10
823,474,10,10,10

813,462,30,30,30
807,466,30,30,30

813,462,30,30,30
802,465,30,30,30

813,462,30,30,30
813,474,30,30,30

823,474,13,13,13
825,471,13,13,13

823,474,13,13,13
832,474,13,13,13

823,474,13,13,13
826,483,13,13,13

825,471,13,13,13
823,474,13,13,13

825,471,13,13,13
832,474,13,13,13

825,471,13,13,13
826,483,13,13,13

826,483,6,6,6
831,485,6,6,6

826,483,6,6,6
823,474,6,6,6

826,483,6,6,6
835,480,6,6,6

831,485,2,2,2
826,483,2,2,2

831,485,2,2,2
835,480,2,2,2

831,485,2,2,2
832,474,2,2,2

832,474,14,14,14
835,480,14,14,14

832,474,14,14,14
825,471,14,14,14

832,474,14,14,14
823,474,14,14,14

835,480,23,23,23
831,485,23,23,23

835,480,23,23,23
832,474,23,23,23

835,480,23,23,23
826,483,23,23,23

835,102,197,197,197
800,149,197,197,197

835,102,197,197,197
872,135,197,197,197

847,483,30,30,30
848,487,30,30,30

847,483,30,30,30
856,480,30,30,30

847,483,30,30,30
835,480,30,30,30

848,487,28,28,28
847,483,28,28,28

848,487,28,28,28
856,480,28,28,28

848,487,28,28,28
860,481,28,28,28

856,480,14,14,14
860,481,14,14,14

856,480,14,14,14
863,477,14,14,14

856,480,14,14,14
847,483,14,14,14

860,481,14,14,14
856,480,14,14,14

860,481,14,14,14
863,477,14,14,14

860,481,14,14,14
867,478,14,14,14

863,477,18,18,18
865,474,18,18,18

863,477,18,18,18
867,478,18,18,18

863,477,18,18,18
860,481,18,18,18

865,489,17,17,17
869,483,17,17,17

865,489,17,17,17
860,481,17,17,17

865,489,17,17,17
867,478,17,17,17

865,474,9,9,9
863,477,9,9,9

865,474,9,9,9
867,478,9,9,9

865,474,9,9,9
871,475,9,9,9

867,478,17,17,17
863,477,17,17,17

867,478,17,17,17
865,474,17,17,17

867,478,17,17,17
871,475,17,17,17

869,483,10,10,10
867,478,10,10,10

869,483,10,10,10
865,489,10,10,10

869,483,10,10,10
871,475,10,10,10

871,475,5,5,5
867,478,5,5,5

871,475,5,5,5
865,474,5,5,5

871,475,5,5,5
863,477,5,5,5

872,135,95,95,95
835,102,95,95,95

872,135,95,95,95
918,130,95,95,95

879,481,13,13,13
880,481,13,13,13

879,481,13,13,13
884,482,13,13,13

879,481,13,13,13
887,485,13,13,13

880,481,14,14,14
879,481,14,14,14

880,481,14,14,14
884,482,14,14,14

880,481,14,14,14
887,485,14,14,14

884,482,13,13,13
880,481,13,13,13

884,482,13,13,13
887,485,13,13,13

884,482,13,13,13
879,481,13,13,13

887,485,8,8,8
884,482,8,8,8

887,485,8,8,8
880,481,8,8,8

887,485,8,8,8
879,481,8,8,8

891,477,8,8,8
884,482,8,8,8

891,477,8,8,8
887,485,8,8,8

891,477,8,8,8
896,487,8,8,8

896,487,15,15,15
901,487,15,15,15

896,487,15,15,15
887,485,15,15,15

896,487,15,15,15
891,477,15,15,15

901,487,14,14,14
896,487,14,14,14

901,487,14,14,14
912,484,14,14,14

901,487,14,14,14
887,485,14,14,14

911,474,1,1,1
912,475,1,1,1

911,474,1,1,1
912,484,1,1,1

911,474,1,1,1
921,479,1,1,1

912,484,9,9,9
918,483,9,9,9

912,484,9,9,9
912,475,9,9,9

912,484,9,9,9
911,474,9,9,9

912,475,20,20,20
911,474,20,20,20

912,475,20,20,20
912,484,20,20,20

912,475,20,20,20
921,479,20,20,20

918,483,9,9,9
921,479,9,9,9

918,483,9,9,9
912,484,9,9,9

918,483,9,9,9
922,489,9,9,9

918,130,107,107,107
933,133,107,107,107

918,130,107,107,107
934,133,107,107,107

918,130,107,107,107
948,137,107,107,107

921,479,11,11,11
918,483,11,11,11

921,479,11,11,11
928,482,11,11,11

921,479,11,11,11
912,475,11,11,11

922,489,27,27,27
927,491,27,27,27

922,489,27,27,27
918,483,27,27,27

922,489,27,27,27
928,482,27,27,27

927,491,18,18,18
922,489,18,18,18

927,491,18,18,18
928,482,18,18,18

927,491,18,18,18
918,483,18,18,18

928,482,9,9,9
921,479,9,9,9

928,482,9,9,9
934,476,9,9,9

928,482,9,9,9
927,491,9,9,9

933,133,70,70,70
918,130,70,70,70

933,133,70,70,70
934,133,70,70,70

933,133,70,70,70
948,137,70,70,70

934,476,8,8,8
936,477,8,8,8

934,476,8,8,8
928,482,8,8,8

934,476,8,8,8
941,481,8,8,8

934,133,68,68,68
918,130,68,68,68

934,133,68,68,68
933,133,68,68,68

934,133,68,68,68
948,137,68,68,68

936,477,7,7,7
934,476,7,7,7

936,477,7,7,7
941,481,7,7,7

936,477,7,7,7
928,482,7,7,7

941,481,10,10,10
936,477,10,10,10

941,481,10,10,10
934,476,10,10,10

941,481,10,10,10
950,473,10,10,10

948,137,75,75,75
918,130,75,75,75

948,137,75,75,75
933,133,75,75,75

948,137,75,75,75
934,133,75,75,75

950,473,1,1,1
956,483,1,1,1

950,473,1,1,1
941,481,1,1,1

950,473,1,1,1
957,483,1,1,1

953,485,9,9,9
956,483,9,9,9

953,485,9,9,9
957,483,9,9,9

953,485,9,9,9
959,485,9,9,9

956,483,8,8,8
957,483,8,8,8

956,483,8,8,8
953,485,8,8,8

956,483,8,8,8
959,485,8,8,8

957,483,8,8,8
956,483,8,8,8

957,483,8,8,8
959,485,8,8,8

957,483,8,8,8
953,485,8,8,8

959,485,9,9,9
957,483,9,9,9

959,485,9,9,9
956,483,9,9,9

959,485,9,9,9
953,485,9,9,9

962,493,0,0,0
959,485,0,0,0

962,493,0,0,0
965,483,0,0,0

962,493,0,0,0
957,483,0,0,0

964,472,22,22,22
967,479,22,22,22

964,472,22,22,22
965,483,22,22,22

964,472,22,22,22
957,483,22,22,22

965,483,8,8,8
967,479,8,8,8

965,483,8,8,8
959,485,8,8,8

965,483,8,8,8
957,483,8,8,8

967,479,9,9,9
965,483,9,9,9

967,479,9,9,9
964,472,9,9,9

967,479,9,9,9
959,485,9,9,9

969,245,162,162,162
987,228,162,162,162

969,245,162,162,162
995,266,162,162,162

969,245,162,162,162
978,207,162,162,162

978,207,161,161,161
987,228,161,161,161

978,207,161,161,161
1010,203,161,161,161

978,207,161,161,161
969,245,161,161,161

980,479,7,7,7
983,475,7,7,7

980,479,7,7,7
991,474,7,7,7

980,479,7,7,7
990,487,7,7,7

983,475,8,8,8
980,479,8,8,8

983,475,8,8,8
991,474,8,8,8

983,475,8,8,8
992,484,8,8,8

987,228,116,116,116
978,207,116,116,116

987,228,116,116,116
969,245,116,116,116

987,228,116,116,116
1010,203,116,116,116

989,291,170,170,170
969,245,170,170,170

989,291,170,170,170
995,266,170,170,170

989,291,170,170,170
1008,301,170,170,170

990,488,7,7,7
990,487,7,7,7

990,488,7,7,7
992,486,7,7,7

990,488,7,7,7
992,484,7,7,7

990,487,12,12,12
990,488,12,12,12

990,487,12,12,12
992,486,12,12,12

990,487,12,12,12
992,484,12,12,12

991,474,9,9,9
997,476,9,9,9

991,474,9,9,9
983,475,9,9,9

991,474,9,9,9
999,471,9,9,9

992,486,13,13,13
992,484,13,13,13

992,486,13,13,13
990,487,13,13,13

992,486,13,13,13
990,488,13,13,13

992,484,11,11,11
992,486,11,11,11

992,484,11,11,11
990,487,11,11,11

992,484,11,11,11
990,488,11,11,11

995,266,62,62,62
989,291,62,62,62

995,266,62,62,62
969,245,62,62,62

995,266,62,62,62
1008,301,62,62,62

997,476,8,8,8
999,471,8,8,8

997,476,8,8,8
991,474,8,8,8

997,476,8,8,8
1000,468,8,8,8

999,471,7,7,7
1000,468,7,7,7

999,471,7,7,7
997,476,7,7,7

999,471,7,7,7
991,474,7,7,7

1000,468,0,0,0
999,471,0,0,0

1000,468,0,0,0
997,476,0,0,0

1000,468,0,0,0
991,474,0,0,0

1002,151,97,97,97
1005,156,97,97,97

1002,151,97,97,97
1007,158,97,97,97

1002,151,97,97,97
1011,160,97,97,97

1005,156,23,23,23
1007,158,23,23,23

1005,156,23,23,23
1002,151,23,23,23

1005,156,23,23,23
1011,160,23,23,23

1007,158,13,13,13
1005,156,13,13,13

1007,158,13,13,13
1011,160,13,13,13

1007,158,13,13,13
1012,159,13,13,13

1008,301,94,94,94
989,291,94,94,94

1008,301,94,94,94
995,266,94,94,94

1008,301,94,94,94
1041,349,94,94,94

1010,203,197,197,197
1036,186,197,197,197

1010,203,197,197,197
978,207,197,197,197

1010,203,197,197,197
987,228,197,197,197

1011,483,14,14,14
1011,477,14,14,14

1011,483,14,14,14
1021,483,14,14,14

1011,483,14,14,14
1017,472,14,14,14

1011,477,8,8,8
1011,483,8,8,8

1011,477,8,8,8
1017,472,8,8,8

1011,477,8,8,8
1021,475,8,8,8

1011,160,17,17,17
1012,159,17,17,17

1011,160,17,17,17
1013,161,17,17,17

1011,160,17,17,17
1007,158,17,17,17

1012,159,14,14,14
1011,160,14,14,14

1012,159,14,14,14
1013,161,14,14,14

1012,159,14,14,14
1007,158,14,14,14

1013,161,18,18,18
1011,160,18,18,18

1013,161,18,18,18
1012,159,18,18,18

1013,161,18,18,18
1007,158,18,18,18

1017,472,15,15,15
1021,475,15,15,15

1017,472,15,15,15
1019,465,15,15,15

1017,472,15,15,15
1011,477,15,15,15

1019,465,16,16,16
1023,465,16,16,16

1019,465,16,16,16
1025,468,16,16,16

1019,465,16,16,16
1017,472,16,16,16

1021,483,8,8,8
1028,486,8,8,8

1021,483,8,8,8
1021,475,8,8,8

1021,483,8,8,8
1011,483,8,8,8

1021,475,9,9,9
1017,472,9,9,9

1021,475,9,9,9
1021,483,9,9,9

1021,475,9,9,9
1025,468,9,9,9

1023,465,11,11,11
1025,468,11,11,11

1023,465,11,11,11
1019,465,11,11,11

1023,465,11,11,11
1027,466,11,11,11

1024,159,40,40,40
1013,161,40,40,40

1024,159,40,40,40
1030,169,40,40,40

1024,159,40,40,40
1012,159,40,40,40

1025,468,19,19,19
1027,466,19,19,19

1025,468,19,19,19
1023,465,19,19,19

1025,468,19,19,19
1019,465,19,19,19

1026,461,51,51,51
1023,465,51,51,51

1026,461,51,51,51
1027,466,51,51,51

1026,461,51,51,51
1025,468,51,51,51

1026,172,16,16,16
1030,169,16,16,16

1026,172,16,16,16
1024,159,16,16,16

1026,172,16,16,16
1040,180,16,16,16

1027,466,2,2,2
1025,468,2,2,2

1027,466,2,2,2
1023,465,2,2,2

1027,466,2,2,2
1026,461,2,2,2

1028,486,20,20,20
1021,483,20,20,20

1028,486,20,20,20
1036,484,20,20,20

1028,486,20,20,20
1037,484,20,20,20

1029,110,174,174,174
1048,103,174,174,174

1029,110,174,174,174
1002,151,174,174,174

1029,110,174,174,174
1024,159,174,174,174

1030,169,25,25,25
1026,172,25,25,25

1030,169,25,25,25
1024,159,25,25,25

1030,169,25,25,25
1040,180,25,25,25

1031,474,22,22,22
1036,478,22,22,22

1031,474,22,22,22
1035,467,22,22,22

1031,474,22,22,22
1025,468,22,22,22

1034,463,3,3,3
1035,467,3,3,3

1034,463,3,3,3
1037,468,3,3,3

1034,463,3,3,3
1027,466,3,3,3

1035,467,33,33,33
1037,468,33,33,33

1035,467,33,33,33
1034,463,33,33,33

1035,467,33,33,33
1027,466,33,33,33

1036,484,9,9,9
1037,484,9,9,9

1036,484,9,9,9
1036,478,9,9,9

1036,484,9,9,9
1028,486,9,9,9

1036,478,7,7,7
1036,484,7,7,7

1036,478,7,7,7
1037,484,7,7,7

1036,478,7,7,7
1031,474,7,7,7

1036,186,70,70,70
1040,180,70,70,70

1036,186,70,70,70
1026,172,70,70,70

1036,186,70,70,70
1030,169,70,70,70

1037,484,11,11,11
1036,484,11,11,11

1037,484,11,11,11
1036,478,11,11,11

1037,484,11,11,11
1045,484,11,11,11

1037,468,24,24,24
1035,467,24,24,24

1037,468,24,24,24
1034,463,24,24,24

1037,468,24,24,24
1042,462,24,24,24

1040,180,12,12,12
1036,186,12,12,12

1040,180,12,12,12
1030,169,12,12,12

1040,180,12,12,12
1026,172,12,12,12

1041,349,159,159,159
1008,301,159,159,159

1042,462,12,12,12
1037,468,12,12,12

1042,462,12,12,12
1048,457,12,12,12

1042,462,12,12,12
1034,463,12,12,12

1045,484,1,1,1
1037,484,1,1,1

1045,484,1,1,1
1036,484,1,1,1

1045,484,1,1,1
1036,478,1,1,1

1048,457,5,5,5
1049,454,5,5,5

1048,457,5,5,5
1042,462,5,5,5

1048,457,5,5,5
1053,464,5,5,5

1048,103,183,183,183
1002,151,183,183,183

1048,103,183,183,183
1029,110,183,183,183

1049,454,13,13,13
1048,457,13,13,13

1049,454,13,13,13
1042,462,13,13,13

1049,454,13,13,13
1053,464,13,13,13

1051,473,25,25,25
1056,480,25,25,25

1051,473,25,25,25
1053,464,25,25,25

1051,473,25,25,25
1062,474,25,25,25

1052,195,50,50,50
1062,200,50,50,50

1052,195,50,50,50
1036,186,50,50,50

1052,195,50,50,50
1040,180,50,50,50

1053,464,15,15,15
1060,463,15,15,15

1053,464,15,15,15
1048,457,15,15,15

1053,464,15,15,15
1051,473,15,15,15

1056,480,9,9,9
1062,474,9,9,9

1056,480,9,9,9
1051,473,9,9,9

1056,480,9,9,9
1045,484,9,9,9

1060,463,13,13,13
1053,464,13,13,13

1060,463,13,13,13
1071,463,13,13,13

1060,463,13,13,13
1062,474,13,13,13

1062,474,13,13,13
1056,480,13,13,13

1062,474,13,13,13
1051,473,13,13,13

1062,474,13,13,13
1060,463,13,13,13

1062,200,110,110,110
1052,195,110,110,110

1062,200,110,110,110
1068,223,110,110,110

1062,200,110,110,110
1077,223,110,110,110

1068,451,11,11,11
1070,453,11,11,11

1068,451,11,11,11
1069,448,11,11,11

1068,451,11,11,11
1072,454,11,11,11

1068,223,38,38,38
1077,223,38,38,38

1068,223,38,38,38
1074,234,38,38,38

1068,223,38,38,38
1086,236,38,38,38

1069,448,8,8,8
1068,451,8,8,8

1069,448,8,8,8
1070,453,8,8,8

1069,448,8,8,8
1072,454,8,8,8

1070,453,11,11,11
1072,454,11,11,11

1070,453,11,11,11
1068,451,11,11,11

1070,453,11,11,11
1069,448,11,11,11

1071,463,11,11,11
1073,471,11,11,11

1071,463,11,11,11
1079,460,11,11,11

1071,463,11,11,11
1078,458,11,11,11

1071,436,96,96,96
1080,441,96,96,96

1071,436,96,96,96
1069,448,96,96,96

1071,436,96,96,96
1077,449,96,96,96

1072,454,10,10,10
1070,453,10,10,10

1072,454,10,10,10
1068,451,10,10,10

1072,454,10,10,10
1069,448,10,10,10

1073,471,10,10,10
1074,472,10,10,10

1073,471,10,10,10
1080,471,10,10,10

1073,471,10,10,10
1071,463,10,10,10

1074,472,9,9,9
1073,471,9,9,9

1074,472,9,9,9
1080,471,9,9,9

1074,472,9,9,9
1071,463,9,9,9

1074,234,48,48,48
1081,242,48,48,48

1074,234,48,48,48
1077,223,48,48,48

1074,234,48,48,48
1086,236,48,48,48

1077,449,9,9,9
1080,455,9,9,9

1077,449,9,9,9
1072,454,9,9,9

1077,449,9,9,9
1069,448,9,9,9

1077,223,43,43,43
1068,223,43,43,43

1077,223,43,43,43
1074,234,43,43,43

1077,223,43,43,43
1086,236,43,43,43

1078,458,6,6,6
1079,460,6,6,6

1078,458,6,6,6
1080,455,6,6,6

1078,458,6,6,6
1083,455,6,6,6

1079,460,5,5,5
1078,458,5,5,5

1079,460,5,5,5
1080,455,5,5,5

1079,460,5,5,5
1083,455,5,5,5

1080,471,8,8,8
1074,472,8,8,8

1080,471,8,8,8
1073,471,8,8,8

1080,471,8,8,8
1088,465,8,8,8

1080,455,9,9,9
1083,455,9,9,9

1080,455,9,9,9
1078,458,9,9,9

1080,455,9,9,9
1079,460,9,9,9

1080,441,15,15,15
1086,441,15,15,15

1080,441,15,15,15
1077,449,15,15,15

1080,441,15,15,15
1071,436,15,15,15

1081,242,67,67,67
1086,236,67,67,67

1081,242,67,67,67
1074,234,67,67,67

1081,242,67,67,67
1092,250,67,67,67

1083,455,8,8,8
1080,455,8,8,8

1083,455,8,8,8
1078,458,8,8,8

1083,455,8,8,8
1079,460,8,8,8

1085,258,45,45,45
1087,256,45,45,45

1085,258,45,45,45
1093,262,45,45,45

1085,258,45,45,45
1092,250,45,45,45

1086,441,11,11,11
1080,441,11,11,11

1086,441,11,11,11
1093,435,11,11,11

1086,441,11,11,11
1092,449,11,11,11

1086,236,38,38,38
1081,242,38,38,38

1086,236,38,38,38
1074,234,38,38,38

1086,236,38,38,38
1092,250,38,38,38

1087,256,27,27,27
1085,258,27,27,27

1087,256,27,27,27
1092,250,27,27,27

1087,256,27,27,27
1093,262,27,27,27

1088,465,7,7,7
1090,470,7,7,7

1088,465,7,7,7
1097,468,7,7,7

1088,465,7,7,7
1080,471,7,7,7

1089,420,19,19,19
1092,427,19,19,19

1089,420,19,19,19
1102,418,19,19,19

1089,420,19,19,19
1103,419,19,19,19

1090,470,8,8,8
1088,465,8,8,8

1090,470,8,8,8
1092,476,8,8,8

1090,470,8,8,8
1097,468,8,8,8

1090,271,49,49,49
1096,268,49,49,49

1090,271,49,49,49
1097,277,49,49,49

1090,271,49,49,49
1093,262,49,49,49

1092,476,0,0,0
1097,474,0,0,0

1092,476,0,0,0
1090,470,0,0,0

1092,476,0,0,0
1097,468,0,0,0

1092,449,8,8,8
1094,450,8,8,8

1092,449,8,8,8
1094,448,8,8,8

1092,449,8,8,8
1086,441,8,8,8

1092,427,11,11,11
1089,420,11,11,11

1092,427,11,11,11
1097,433,11,11,11

1092,427,11,11,11
1093,435,11,11,11

1092,250,31,31,31
1087,256,31,31,31

1092,250,31,31,31
1085,258,31,31,31

1092,250,31,31,31
1093,262,31,31,31

1093,435,10,10,10
1097,433,10,10,10

1093,435,10,10,10
1092,427,10,10,10

1093,435,10,10,10
1086,441,10,10,10

1093,262,25,25,25
1096,268,25,25,25

1093,262,25,25,25
1087,256,25,25,25

1093,262,25,25,25
1085,258,25,25,25

1094,450,7,7,7
1094,448,7,7,7

1094,450,7,7,7
1092,449,7,7,7

1094,450,7,7,7
1102,446,7,7,7

1094,448,8,8,8
1094,450,8,8,8

1094,448,8,8,8
1092,449,8,8,8

1094,448,8,8,8
1102,446,8,8,8

1096,268,25,25,25
1090,271,25,25,25

1096,268,25,25,25
1093,262,25,25,25

1096,268,25,25,25
1097,277,25,25,25

1097,474,19,19,19
1092,476,19,19,19

1097,474,19,19,19
1097,468,19,19,19

1097,474,19,19,19
1090,470,19,19,19

1097,468,6,6,6
1097,474,6,6,6

1097,468,6,6,6
1103,465,6,6,6

1097,468,6,6,6
1090,470,6,6,6

1097,433,10,10,10
1093,435,10,10,10

1097,433,10,10,10
1103,437,10,10,10

1097,433,10,10,10
1092,427,10,10,10

1097,277,53,53,53
1096,268,53,53,53

1097,277,53,53,53
1090,271,53,53,53

1097,277,53,53,53
1093,262,53,53,53

1102,446,9,9,9
1094,448,9,9,9

1102,446,9,9,9
1094,450,9,9,9

1102,446,9,9,9
1103,437,9,9,9

1102,418,5,5,5
1103,419,5,5,5

1102,418,5,5,5
1104,412,5,5,5

1102,418,5,5,5
1111,415,5,5,5

1102,408,5,5,5
1104,412,5,5,5

1102,408,5,5,5
1106,403,5,5,5

1102,408,5,5,5
1109,405,5,5,5

1102,330,73,73,73
1103,332,73,73,73

1102,330,73,73,73
1105,327,73,73,73

1102,330,73,73,73
1106,323,73,73,73

1102,313,41,41,41
1106,323,41,41,41

1102,313,41,41,41
1115,317,41,41,41

1102,313,41,41,41
1105,327,41,41,41

1103,465,6,6,6
1097,468,6,6,6

1103,465,6,6,6
1110,470,6,6,6

1103,465,6,6,6
1112,470,6,6,6

1103,437,8,8,8
1097,433,8,8,8

1103,437,8,8,8
1102,446,8,8,8

1103,437,8,8,8
1093,435,8,8,8

1103,419,5,5,5
1102,418,5,5,5

1103,419,5,5,5
1104,412,5,5,5

1103,419,5,5,5
1111,415,5,5,5

1103,332,58,58,58
1102,330,58,58,58

1103,332,58,58,58
1105,327,58,58,58

1103,332,58,58,58
1106,323,58,58,58

1104,412,5,5,5
1102,408,5,5,5

1104,412,5,5,5
1102,418,5,5,5

1104,412,5,5,5
1103,419,5,5,5

1105,356,31,31,31
1107,357,31,31,31

1105,356,31,31,31
1108,359,31,31,31

1105,356,31,31,31
1108,361,31,31,31

1105,327,16,16,16
1106,323,16,16,16

1105,327,16,16,16
1102,330,16,16,16

1105,327,16,16,16
1103,332,16,16,16

1106,403,5,5,5
1109,405,5,5,5

1106,403,5,5,5
1102,408,5,5,5

1106,403,5,5,5
1110,397,5,5,5

1106,323,11,11,11
1105,327,11,11,11

1106,323,11,11,11
1102,330,11,11,11

1106,323,11,11,11
1103,332,11,11,11

1107,357,11,11,11
1105,356,11,11,11

1107,357,11,11,11
1108,359,11,11,11

1107,357,11,11,11
1108,361,11,11,11

1108,391,5,5,5
1110,397,5,5,5

1108,391,5,5,5
1110,384,5,5,5

1108,391,5,5,5
1116,390,5,5,5

1108,361,9,9,9
1108,359,9,9,9

1108,361,9,9,9
1111,361,9,9,9

1108,361,9,9,9
1107,357,9,9,9

1108,359,8,8,8
1108,361,8,8,8

1108,359,8,8,8
1107,357,8,8,8

1108,359,8,8,8
1111,361,8,8,8

1109,405,5,5,5
1106,403,5,5,5

1109,405,5,5,5
1102,408,5,5,5

1109,405,5,5,5
1110,397,5,5,5

1110,470,5,5,5
1112,470,5,5,5

1110,470,5,5,5
1118,470,5,5,5

1110,470,5,5,5
1103,465,5,5,5

1110,397,5,5,5
1108,391,5,5,5

1110,397,5,5,5
1106,403,5,5,5

1110,397,5,5,5
1109,405,5,5,5

1110,384,5,5,5
1108,391,5,5,5

1110,384,5,5,5
1116,390,5,5,5

1110,384,5,5,5
1110,397,5,5,5

1111,415,4,4,4
1104,412,4,4,4

1111,415,4,4,4
1103,419,4,4,4

1111,415,4,4,4
1102,418,4,4,4

1111,361,5,5,5
1108,361,5,5,5

1111,361,5,5,5
1108,359,5,5,5

1111,361,5,5,5
1107,357,5,5,5

1112,470,4,4,4
1110,470,4,4,4

1112,470,4,4,4
1118,470,4,4,4

1112,470,4,4,4
1121,466,4,4,4

1112,458,8,8,8
1114,454,8,8,8

1112,458,8,8,8
1120,459,8,8,8

1112,458,8,8,8
1118,452,8,8,8

1113,276,0,0,0
1097,277,0,0,0

1113,276,0,0,0
1096,268,0,0,0

1113,276,0,0,0
1090,271,0,0,0

1114,454,8,8,8
1112,458,8,8,8

1114,454,8,8,8
1118,452,8,8,8

1114,454,8,8,8
1117,450,8,8,8

1115,317,15,15,15
1122,310,15,15,15

1115,317,15,15,15
1121,309,15,15,15

1115,317,15,15,15
1123,310,15,15,15

1116,390,5,5,5
1108,391,5,5,5

1116,390,5,5,5
1110,384,5,5,5

1116,390,5,5,5
1123,385,5,5,5

1117,450,9,9,9
1118,452,9,9,9

1117,450,9,9,9
1114,454,9,9,9

1117,450,9,9,9
1112,458,9,9,9

1117,436,4,4,4
1118,438,4,4,4

1117,436,4,4,4
1123,430,4,4,4

1117,436,4,4,4
1117,426,4,4,4

1117,426,4,4,4
1123,430,4,4,4

1117,426,4,4,4
1126,425,4,4,4

1117,426,4,4,4
1126,423,4,4,4

1118,470,20,20,20
1121,466,20,20,20

1118,470,20,20,20
1112,470,20,20,20

1118,470,20,20,20
1121,464,20,20,20

1118,452,8,8,8
1117,450,8,8,8

1118,452,8,8,8
1114,454,8,8,8

1118,452,8,8,8
1120,459,8,8,8

1118,438,4,4,4
1117,436,4,4,4

1118,438,4,4,4
1123,430,4,4,4

1118,438,4,4,4
1129,439,4,4,4

1118,353,13,13,13
1120,348,13,13,13

1118,353,13,13,13
1122,359,13,13,13

1118,353,13,13,13
1124,349,13,13,13

1120,459,9,9,9
1121,464,9,9,9

1120,459,9,9,9
1121,466,9,9,9

1120,459,9,9,9
1118,452,9,9,9

1120,348,17,17,17
1124,349,17,17,17

1120,348,17,17,17
1118,353,17,17,17

1120,348,17,17,17
1122,359,17,17,17

1121,466,7,7,7
1121,464,7,7,7

1121,466,7,7,7
1118,470,7,7,7

1121,466,7,7,7
1120,459,7,7,7

1121,464,7,7,7
1121,466,7,7,7

1121,464,7,7,7
1120,459,7,7,7

1121,464,7,7,7
1118,470,7,7,7

1121,406,4,4,4
1130,402,4,4,4

1121,406,4,4,4
1109,405,4,4,4

1121,406,4,4,4
1134,405,4,4,4

1121,309,18,18,18
1122,310,18,18,18

1121,309,18,18,18
1123,310,18,18,18

1121,309,18,18,18
1115,317,18,18,18

1122,376,6,6,6
1124,378,6,6,6

1122,376,6,6,6
1123,385,6,6,6

1122,376,6,6,6
1129,369,6,6,6

1122,359,12,12,12
1123,361,12,12,12

1122,359,12,12,12
1118,353,12,12,12

1122,359,12,12,12
1124,349,12,12,12

1122,310,20,20,20
1123,310,20,20,20

1122,310,20,20,20
1121,309,20,20,20

1122,310,20,20,20
1115,317,20,20,20

1123,430,4,4,4
1128,431,4,4,4

1123,430,4,4,4
1126,425,4,4,4

1123,430,4,4,4
1117,426,4,4,4

1123,385,5,5,5
1126,386,5,5,5

1123,385,5,5,5
1126,390,5,5,5

1123,385,5,5,5
1124,378,5,5,5

1123,361,12,12,12
1122,359,12,12,12

1123,361,12,12,12
1128,368,12,12,12

1123,361,12,12,12
1118,353,12,12,12

1123,310,15,15,15
1122,310,15,15,15

1123,310,15,15,15
1121,309,15,15,15

1123,310,15,15,15
1126,320,15,15,15

1124,378,6,6,6
1122,376,6,6,6

1124,378,6,6,6
1123,385,6,6,6

1124,378,6,6,6
1126,386,6,6,6

1124,349,23,23,23
1120,348,23,23,23

1124,349,23,23,23
1118,353,23,23,23

1124,349,23,23,23
1132,346,23,23,23

1125,325,6,6,6
1126,320,6,6,6

1125,325,6,6,6
1129,331,6,6,6

1125,325,6,6,6
1115,317,6,6,6

1126,425,4,4,4
1126,423,4,4,4

1126,425,4,4,4
1123,430,4,4,4

1126,425,4,4,4
1128,431,4,4,4

1126,423,4,4,4
1126,425,4,4,4

1126,423,4,4,4
1131,419,4,4,4

1126,423,4,4,4
1123,430,4,4,4

1126,390,5,5,5
1128,391,5,5,5

1126,390,5,5,5
1126,386,5,5,5

1126,390,5,5,5
1130,394,5,5,5

1126,386,5,5,5
1123,385,5,5,5

1126,386,5,5,5
1126,390,5,5,5

1126,386,5,5,5
1130,386,5,5,5

1126,320,0,0,0
1125,325,0,0,0

1126,320,0,0,0
1123,310,0,0,0

1126,320,0,0,0
1122,310,0,0,0

1128,431,4,4,4
1123,430,4,4,4

1128,431,4,4,4
1126,425,4,4,4

1128,431,4,4,4
1132,436,4,4,4

1128,391,5,5,5
1126,390,5,5,5

1128,391,5,5,5
1130,394,5,5,5

1128,391,5,5,5
1126,386,5,5,5

1128,368,9,9,9
1129,369,9,9,9

1128,368,9,9,9
1134,368,9,9,9

1128,368,9,9,9
1123,361,9,9,9

1129,446,10,10,10
1132,443,10,10,10

1129,446,10,10,10
1129,439,10,10,10

1129,446,10,10,10
1136,439,10,10,10

1129,439,4,4,4
1132,436,4,4,4

1129,439,4,4,4
1132,443,4,4,4

1129,439,4,4,4
1135,438,4,4,4

1129,369,10,10,10
1128,368,10,10,10

1129,369,10,10,10
1134,368,10,10,10

1129,369,10,10,10
1122,376,10,10,10

1129,331,8,8,8
1125,325,8,8,8

1129,331,8,8,8
1126,320,8,8,8

1129,331,8,8,8
1132,346,8,8,8

1130,402,5,5,5
1134,405,5,5,5

1130,402,5,5,5
1135,405,5,5,5

1130,402,5,5,5
1136,404,5,5,5

1130,394,5,5,5
1128,391,5,5,5

1130,394,5,5,5
1134,397,5,5,5

1130,394,5,5,5
1126,390,5,5,5

1130,386,5,5,5
1126,386,5,5,5

1130,386,5,5,5
1128,391,5,5,5

1130,386,5,5,5
1126,390,5,5,5

1131,462,6,6,6
1121,464,6,6,6

1131,462,6,6,6
1121,466,6,6,6

1131,462,6,6,6
1120,459,6,6,6

1131,419,4,4,4
1135,421,4,4,4

1131,419,4,4,4
1136,417,4,4,4

1131,419,4,4,4
1126,423,4,4,4

1132,443,6,6,6
1129,446,6,6,6

1132,443,6,6,6
1129,439,6,6,6

1132,443,6,6,6
1136,439,6,6,6

1132,436,4,4,4
1135,438,4,4,4

1132,436,4,4,4
1129,439,4,4,4

1132,436,4,4,4
1136,439,4,4,4

1132,346,0,0,0
1124,349,0,0,0

1132,346,0,0,0
1120,348,0,0,0

1132,346,0,0,0
1129,331,0,0,0

1133,381,5,5,5
1130,386,5,5,5

1133,381,5,5,5
1139,384,5,5,5

1133,381,5,5,5
1126,386,5,5,5

1134,405,4,4,4
1135,405,4,4,4

1134,405,4,4,4
1136,404,4,4,4

1134,405,4,4,4
1130,402,4,4,4

1134,397,5,5,5
1130,394,5,5,5

1134,397,5,5,5
1137,401,5,5,5

1134,397,5,5,5
1130,402,5,5,5

1134,368,37,37,37
1129,369,37,37,37

1134,368,37,37,37
1128,368,37,37,37

1134,368,37,37,37
1123,361,37,37,37

1135,438,4,4,4
1136,439,4,4,4

1135,438,4,4,4
1132,436,4,4,4

1135,438,4,4,4
1132,443,4,4,4

1135,421,4,4,4
1136,417,4,4,4

1135,421,4,4,4
1131,419,4,4,4

1135,421,4,4,4
1137,416,4,4,4

1135,405,4,4,4
1134,405,4,4,4

1135,405,4,4,4
1136,404,4,4,4

1135,405,4,4,4
1137,401,4,4,4

1136,439,4,4,4
1135,438,4,4,4

1136,439,4,4,4
1132,436,4,4,4

1136,439,4,4,4
1132,443,4,4,4

1136,417,4,4,4
1137,416,4,4,4

1136,417,4,4,4
1135,421,4,4,4

1136,417,4,4,4
1131,419,4,4,4

1136,404,5,5,5
1135,405,5,5,5

1136,404,5,5,5
1134,405,5,5,5

1136,404,5,5,5
1137,401,5,5,5

1137,416,4,4,4
1136,417,4,4,4

1137,416,4,4,4
1142,416,4,4,4

1137,416,4,4,4
1135,421,4,4,4

1137,401,5,5,5
1136,404,5,5,5

1137,401,5,5,5
1135,405,5,5,5

1137,401,5,5,5
1134,405,5,5,5

1139,384,6,6,6
1143,383,6,6,6

1139,384,6,6,6
1133,381,6,6,6

1139,384,6,6,6
1130,386,6,6,6

1140,433,4,4,4
1142,433,4,4,4

1140,433,4,4,4
1141,435,4,4,4

1140,433,4,4,4
1143,429,4,4,4

1141,435,4,4,4
1140,433,4,4,4

1141,435,4,4,4
1142,433,4,4,4

1141,435,4,4,4
1145,434,4,4,4

1142,443,8,8,8
1148,443,8,8,8

1142,443,8,8,8
1136,439,8,8,8

1142,443,8,8,8
1141,435,8,8,8

1142,433,4,4,4
1140,433,4,4,4

1142,433,4,4,4
1141,435,4,4,4

1142,433,4,4,4
1145,434,4,4,4

1142,428,4,4,4
1143,429,4,4,4

1142,428,4,4,4
1142,433,4,4,4

1142,428,4,4,4
1140,433,4,4,4

1142,416,4,4,4
1137,416,4,4,4

1142,416,4,4,4
1136,417,4,4,4

1142,416,4,4,4
1145,408,4,4,4

1143,460,7,7,7
1147,460,7,7,7

1143,460,7,7,7
1131,462,7,7,7

1143,460,7,7,7
1156,460,7,7,7

1143,429,4,4,4
1142,428,4,4,4

1143,429,4,4,4
1142,433,4,4,4

1143,429,4,4,4
1140,433,4,4,4

1143,383,6,6,6
1139,384,6,6,6

1143,383,6,6,6
1133,381,6,6,6

1143,383,6,6,6
1152,388,6,6,6

1145,434,4,4,4
1142,433,4,4,4

1145,434,4,4,4
1148,436,4,4,4

1145,434,4,4,4
1141,435,4,4,4

1145,408,4,4,4
1142,416,4,4,4

1145,408,4,4,4
1136,404,4,4,4

1145,408,4,4,4
1135,405,4,4,4

1147,460,7,7,7
1143,460,7,7,7

1147,460,7,7,7
1156,460,7,7,7

1147,460,7,7,7
1156,451,7,7,7

1148,443,7,7,7
1151,444,7,7,7

1148,443,7,7,7
1153,444,7,7,7

1148,443,7,7,7
1151,438,7,7,7

1148,436,4,4,4
1145,434,4,4,4

1148,436,4,4,4
1151,438,4,4,4

1148,436,4,4,4
1152,434,4,4,4

1149,423,4,4,4
1143,429,4,4,4

1149,423,4,4,4
1142,428,4,4,4

1149,423,4,4,4
1157,418,4,4,4

1151,444,8,8,8
1153,444,8,8,8

1151,444,8,8,8
1148,443,8,8,8

1151,444,8,8,8
1151,438,8,8,8

1151,438,5,5,5
1148,436,5,5,5

1151,438,5,5,5
1152,434,5,5,5

1151,438,5,5,5
1148,443,5,5,5

1152,434,4,4,4
1151,438,4,4,4

1152,434,4,4,4
1148,436,4,4,4

1152,434,4,4,4
1145,434,4,4,4

1152,393,5,5,5
1152,391,5,5,5

1152,393,5,5,5
1153,395,5,5,5

1152,393,5,5,5
1152,388,5,5,5

1152,391,7,7,7
1152,393,7,7,7

1152,391,7,7,7
1152,388,7,7,7

1152,391,7,7,7
1153,395,7,7,7

1152,388,12,12,12
1152,391,12,12,12

1152,388,12,12,12
1152,393,12,12,12

1152,388,12,12,12
1153,395,12,12,12

1153,444,5,5,5
1151,444,5,5,5

1153,444,5,5,5
1148,443,5,5,5

1153,444,5,5,5
1151,438,5,5,5

1153,395,5,5,5
1152,393,5,5,5

1153,395,5,5,5
1152,391,5,5,5

1153,395,5,5,5
1152,388,5,5,5

1156,460,6,6,6
1147,460,6,6,6

1156,460,6,6,6
1156,451,6,6,6

1156,460,6,6,6
1143,460,6,6,6

1156,451,4,4,4
1153,444,4,4,4

1156,451,4,4,4
1151,444,4,4,4

1156,451,4,4,4
1156,460,4,4,4

1157,418,4,4,4
1149,423,4,4,4

1157,418,4,4,4
1160,430,4,4,4

1157,418,4,4,4
1169,425,4,4,4

1159,432,4,4,4
1160,430,4,4,4

1159,432,4,4,4
1161,436,4,4,4

1159,432,4,4,4
1164,431,4,4,4

1159,391,6,6,6
1162,393,6,6,6

1159,391,6,6,6
1152,391,6,6,6

1159,391,6,6,6
1153,395,6,6,6

1160,430,4,4,4
1159,432,4,4,4

1160,430,4,4,4
1164,431,4,4,4

1160,430,4,4,4
1161,436,4,4,4

1161,436,4,4,4
1159,432,4,4,4

1161,436,4,4,4
1164,431,4,4,4

1161,436,4,4,4
1160,430,4,4,4

1162,444,4,4,4
1165,445,4,4,4

1162,444,4,4,4
1167,441,4,4,4

1162,444,4,4,4
1161,436,4,4,4

1162,398,5,5,5
1162,393,5,5,5

1162,398,5,5,5
1159,391,5,5,5

1162,398,5,5,5
1153,395,5,5,5

1162,393,6,6,6
1159,391,6,6,6

1162,393,6,6,6
1162,398,6,6,6

1162,393,6,6,6
1153,395,6,6,6

1164,431,4,4,4
1160,430,4,4,4

1164,431,4,4,4
1159,432,4,4,4

1164,431,4,4,4
1168,427,4,4,4

1165,445,4,4,4
1162,444,4,4,4

1165,445,4,4,4
1167,441,4,4,4

1165,445,4,4,4
1173,446,4,4,4

1167,441,4,4,4
1167,437,4,4,4

1167,441,4,4,4
1165,445,4,4,4

1167,441,4,4,4
1162,444,4,4,4

1167,437,4,4,4
1167,441,4,4,4

1167,437,4,4,4
1161,436,4,4,4

1167,437,4,4,4
1164,431,4,4,4

1168,427,4,4,4
1169,425,4,4,4

1168,427,4,4,4
1164,431,4,4,4

1168,427,4,4,4
1172,422,4,4,4

1169,425,5,5,5
1168,427,5,5,5

1169,425,5,5,5
1172,422,5,5,5

1169,425,5,5,5
1164,431,5,5,5

1172,422,20,20,20
1169,425,20,20,20

1172,422,20,20,20
1168,427,20,20,20

1172,422,20,20,20
1164,431,20,20,20

1173,446,21,21,21
1167,441,21,21,21

1173,446,21,21,21
1165,445,21,21,21

1173,446,21,21,21
1167,437,21,21,21

